Id (int),Valid (int),Updated (str),Matrix (mat),Size (int),Type (str),Rank (int),Density (flt),Stiffness (flt),Other (flt),Test_solver (str),Test (flt),Test_state (vec),Test_iterations (int),Test_time (flt),Train_solver (str),Preprocessing (str),Postprocessing (str),Train (flt),Train_state (vec),Train_iterations_1 (int),Train_iterations_2 (int),Train_iterations_3 (int),Train_cost (flt),Train_shots (int),Train_time (flt),Flags (str)
0,0,0,0,0,0,0,0.0,0.0,0.0,0,0.0,0,0,0.0,0,0,0,0.0,0,0,0,0,0.0,0,0.0,0.0
1,1,2025-08-20 23:23:59,"[[-0.05758258568130553,-0.1091651328596801,-0.10623664326879191,-0.14819207025596567,-0.13395622336310092,-0.22639625525199975,-0.09815954670499777,-0.15958119580689678,-0.07277021315439616,-0.05404756564247186],[-0.1091651328596801,0.05564629730635241,0.2744687756675914,-0.10590622280579487,0.10490823421250207,0.03176752866330357,-0.25748060173042536,-0.014818052859663457,-0.15281031128594666,-0.04576493852388895],[-0.10623664326879191,0.2744687756675914,0.6801262968214169,0.07726135097664719,0.3823471752151861,0.42749868791765677,-0.2970122702469181,0.21756597492194632,-0.17275199220816867,0.012804416484767045],[-0.14819207025596567,-0.10590622280579487,0.07726135097664719,-0.2440223127083341,-0.09403558726303475,-0.24329173267127155,-0.304721442210068,-0.20981569030004396,-0.1962257464911712,-0.0909457044433245],[-0.13395622336310092,0.10490823421250207,0.3823471752151861,-0.09403558726303475,0.17114290533502927,0.09924341065803233,-0.3138425481362715,0.024767087793699842,-0.18692722633234604,-0.051691748066382666],[-0.22639625525199975,0.03176752866330357,0.42749868791765677,-0.24329173267127155,0.09924341065803233,-0.059707869943954585,-0.5042468834192646,-0.11839547927819521,-0.3134760819744128,-0.10742166999702983],[-0.09815954670499777,-0.25748060173042536,-0.2970122702469181,-0.304721442210068,-0.3138425481362715,-0.5042468834192646,-0.16849371821370138,-0.3549880438317222,-0.12289200434187138,-0.11109819129748186],[-0.15958119580689678,-0.014818052859663457,0.21756597492194632,-0.20981569030004396,0.024767087793699842,-0.11839547927819521,-0.3549880438317222,-0.12689833010118393,-0.21605649111604786,-0.09391830183658506],[-0.07277021315439616,-0.15281031128594666,-0.17275199220816867,-0.1962257464911712,-0.18692722633234604,-0.3134760819744128,-0.12289200434187138,-0.21605649111604786,-0.09021646934048702,-0.0771397644413997],[-0.05404756564247186,-0.04576493852388895,0.012804416484767045,-0.0909457044433245,-0.051691748066382666,-0.10742166999702983,-0.11109819129748186,-0.09391830183658506,-0.0771397644413997,-0.03666466274999523]]",10,Random,10,-1.0,-1.0,-1.0,-,-4.28533643436894,"[1.,1.,-1.,1.,1.,1.,1.,1.,1.,1.]",-1,0.2280769348144531,-,-,-,-4.28533643436894,"[1,1,-1,1,1,1,1,1,1,1]",38,-1,-1,-1.0,-1,1363.6621973514557,
2,1,2025-08-20 23:30:05,"[[-0.10404497730313168,-0.3213816824249777,-0.08649378853117307,-0.31150186156191634,-0.12294681470784019,-0.06833820875443783,-0.40462389366821805,-0.1790957564480511,0.03202700021869946,-0.21962695321082787],[-0.3213816824249777,-0.5431002207693372,-0.14170689046006707,-0.17081112841408502,-0.298431159328292,0.07687977110446627,-0.6583555183326457,-0.38554328629349044,0.27902480488855497,-0.5271844331183493],[-0.08649378853117307,-0.14170689046006707,-0.038093133826481496,-0.04184180274184386,-0.07940677176972846,0.022291511241963397,-0.1701747984495529,-0.10075536844167429,0.07479959298437373,-0.14002882091901933],[-0.31150186156191634,-0.17081112841408502,-0.04184180274184386,0.496752018678718,-0.2401299854446188,0.3211300424742213,-0.15508247013536688,-0.23999017793736613,0.4185891772359145,-0.3983955634018042],[-0.12294681470784019,-0.298431159328292,-0.07940677176972846,-0.2401299854446188,-0.12617439104486466,-0.03558218488888787,-0.3745456121195423,-0.17992306607871156,0.06559680885764049,-0.22965508435969728],[-0.06833820875443783,0.07687977110446627,0.022291511241963397,0.3211300424742213,-0.03558218488888787,0.14892569238315806,0.1197168510829523,-0.010425194355485307,0.14050317941907928,-0.05084792083180553],[-0.40462389366821805,-0.6583555183326457,-0.1701747984495529,-0.15508247013536688,-0.3745456121195423,0.1197168510829523,-0.793475703608998,-0.477917683195895,0.3667982336852934,-0.6572394852642779],[-0.1790957564480511,-0.38554328629349044,-0.10075536844167429,-0.23999017793736613,-0.17992306607871156,-0.010425194355485307,-0.477917683195895,-0.24713947642697548,0.12445855012370899,-0.32139121750741195],[0.03202700021869946,0.27902480488855497,0.07479959298437373,0.4185891772359145,0.06559680885764049,0.14050317941907928,0.3667982336852934,0.12445855012370899,0.060292692852963556,0.12634588718207995],[-0.21962695321082787,-0.5271844331183493,-0.14002882091901933,-0.3983955634018042,-0.22965508435969728,-0.05084792083180553,-0.6572394852642779,-0.32139121750741195,0.12634588718207995,-0.41129531668180486]]",10,Random,10,-1.0,-1.0,-1.0,-,-6.720325177671665,"[1.,1.,1.,1.,1.,-1.,1.,1.,-1.,1.]",-1,0.224884033203125,-,-,-,-5.940870369445366,"[1,1,-1,1,1,-1,1,1,-1,1]",-1,-1,-1,-1.0,-1,1729.2265393733978,Baren_49
3,1,2025-08-20 23:28:03,"[[0.34849548788153545,0.22184526280973052,-0.17970525560544792,0.1325681393660363,0.2862847320453666,-0.019017237476328136,0.23264347751727388,0.43120002358073545,0.21144431377266296,0.0934365238955924],[0.22184526280973052,-0.07240105076752221,-0.47334882732656935,-0.24224028636506886,0.043480979038981134,-0.27228770901170096,-0.036464602901657615,0.2713816883099325,0.2848007581451899,-0.07292599812192041],[-0.17970525560544792,-0.47334882732656935,-0.5102552957594282,-0.6122501500531499,-0.37971098927059055,-0.4266875474354096,-0.4297038697713858,-0.22942494955888684,0.14211474412111047,-0.27091579132047966],[0.1325681393660363,-0.24224028636506886,-0.6122501500531499,-0.44717339826801017,-0.10430597495202684,-0.4024532853592989,-0.19302150799553602,0.15571616201649902,0.3084770567129612,-0.16849805227789974],[0.2862847320453666,0.043480979038981134,-0.37971098927059055,-0.10430597495202684,0.14392343439980632,-0.1836698065180138,0.07091590683556154,0.35129277991605223,0.27096145036838126,-0.00983669697145393],[-0.019017237476328136,-0.27228770901170096,-0.4266875474354096,-0.4024532853592989,-0.1836698065180138,-0.3156510328245958,-0.2367966098677974,-0.028024044625673233,0.17086597391648006,-0.1664068704562841],[0.23264347751727388,-0.036464602901657615,-0.4297038697713858,-0.19302150799553602,0.07091590683556154,-0.2367966098677974,-0.004271084083318577,0.2843822474884654,0.2704741577109921,-0.052343335551110655],[0.43120002358073545,0.2713816883099325,-0.22942494955888684,0.15571616201649902,0.35129277991605223,-0.028024044625673233,0.2843822474884654,0.5356276922110684,0.2648446389170631,0.11436592986194671],[0.21144431377266296,0.2848007581451899,0.14211474412111047,0.3084770567129612,0.27096145036838126,0.17086597391648006,0.2704741577109921,0.2648446389170631,0.023233406132424788,0.15011926317381435],[0.0934365238955924,-0.07292599812192041,-0.27091579132047966,-0.16849805227789974,-0.00983669697145393,-0.1664068704562841,-0.052343335551110655,0.11436592986194671,0.15011926317381435,-0.056870304360131366]]",10,Random,10,-1.0,-1.0,-1.0,-,-5.055379057806653,"[-1.,1.,1.,1.,1.,1.,1.,-1.,-1.,1.]",-1,0.2253708839416504,-,-,-,-5.055379057806653,"[-1,1,1,1,-1,1,1,-1,-1,1]",47,-1,-1,-1.0,-1,1607.225746870041,
4,1,2025-08-20 23:18:30,"[[0.16966701230245715,0.20176789519699045,0.10063388776310692,0.19429508172526927,0.09037213306028663,0.031487424488049864,0.26513557242774594,0.025693946156699468,-0.03022061493734074,-0.05963391900137671],[0.20176789519699045,0.23878498094537629,0.12390414288353488,0.27569341093502553,0.10905193782766509,0.06360498423352301,0.31775034478853725,0.04699417277864058,-0.02202727228595716,-0.052860723589803704],[0.10063388776310692,0.12390414288353488,0.050415564449858376,0.0053967981087594125,0.050119983004583576,-0.04386878852659566,0.15123153102392675,-0.026552281533193015,-0.05368254819857175,-0.08058109563951807],[0.19429508172526927,0.27569341093502553,0.0053967981087594125,-1.0,0.06290828405260514,-0.6760268250584525,0.2360055703870734,-0.4227847991304503,-0.4207378634539697,-0.5714193550088945],[0.09037213306028663,0.10905193782766509,0.050119983004583576,0.06290828405260514,0.04532435262361312,-0.007860344515203482,0.13889430813236248,-9.285557563463304e-05,-0.027395139574848532,-0.04787034862011389],[0.031487424488049864,0.06360498423352301,-0.04386878852659566,-0.6760268250584525,-0.007860344515203482,-0.40616321671966293,0.009941283838493215,-0.26034069701442114,-0.23177864254345504,-0.30338256043172873],[0.26513557242774594,0.31775034478853725,0.15123153102392675,0.2360055703870734,0.13889430813236248,0.009941283838493215,0.4105830960647185,0.015081364477014844,-0.0686126198477115,-0.12095227091157043],[0.025693946156699468,0.04699417277864058,-0.026552281533193015,-0.4227847991304503,-9.285557563463304e-05,-0.26034069701442114,0.015081364477014844,-0.16272251841374294,-0.14717946486866904,-0.19623901582471903],[-0.03022061493734074,-0.02202727228595716,-0.05368254819857175,-0.4207378634539697,-0.027395139574848532,-0.23177864254345504,-0.0686126198477115,-0.14717946486866904,-0.11671733802199383,-0.14925299234469352],[-0.05963391900137671,-0.052860723589803704,-0.08058109563951807,-0.5714193550088945,-0.04787034862011389,-0.30338256043172873,-0.12095227091157043,-0.19623901582471903,-0.14925299234469352,-0.18641591379619266]]",10,Random,10,-1.0,-1.0,-1.0,-,-3.8735736022912968,"[-1.,-1.,1.,1.,-1.,1.,-1.,1.,1.,1.]",-1,0.2268550395965576,-,-,-,-3.8735736022912968,"[-1,-1,1,1,-1,1,-1,1,1,1]",25,-1,-1,-1.0,-1,1034.639157295227,
5,1,2025-08-20 23:30:20,"[[-0.283090869156692,-0.1792448574234498,-0.1718552690779532,0.1496054834919638,-0.2020991204165506,-0.6153893323866845,0.29849054698893496,0.0634930251372444,0.29275911706429625,-0.15983157071416662],[-0.1792448574234498,-0.049928597117631,-0.14707765603300835,-0.029574908964540618,-0.1706507500850411,-0.22434779340487926,0.0029010560936762117,-0.07234681632439847,0.0214021512576433,-0.1423833282662618],[-0.1718552690779532,-0.14707765603300835,-0.08091108289728584,0.16665487461044023,-0.09623082336143535,-0.47308811688643615,0.2940038475134768,0.10711872689817736,0.2772283056577342,-0.07169697739535037],[0.1496054834919638,-0.029574908964540618,0.16665487461044023,0.16690519552996927,0.192673328535226,0.0018855595278575166,0.20806328574591362,0.18862729896361452,0.1678228489711128,0.16710022280922313],[-0.2020991204165506,-0.1706507500850411,-0.09623082336143535,0.192673328535226,-0.11528156331504778,-0.552237412147988,0.3403792123743275,0.12204669613353468,0.32143756597275774,-0.08554256591076653],[-0.6153893323866845,-0.22434779340487926,-0.47308811688643615,0.0018855595278575166,-0.552237412147988,-0.9100155662529912,0.1657679891370174,-0.1554378131218697,0.21096887917579016,-0.45548816241566176],[0.29849054698893496,0.0029010560936762117,0.2940038475134768,0.20806328574591362,0.3403792123743275,0.1657679891370174,0.23112102551042182,0.2643057053073717,0.17244708735131287,0.29067432780690317],[0.0634930251372444,-0.07234681632439847,0.10711872689817736,0.18862729896361452,0.12204669613353468,-0.1554378131218697,0.2643057053073717,0.1863388922974258,0.22651481966102996,0.10998023929524892],[0.29275911706429625,0.0214021512576433,0.2772283056577342,0.1678228489711128,0.32143756597275774,0.21096887917579016,0.17244708735131287,0.22651481966102996,0.12134841949484648,0.2730601260971378],[-0.15983157071416662,-0.1423833282662618,-0.07169697739535037,0.16710022280922313,-0.08554256591076653,-0.45548816241566176,0.29067432780690317,0.10998023929524892,0.2730601260971378,-0.06251503400822808]]",10,Random,10,-1.0,-1.0,-1.0,-,-4.572250060631399,"[1.,1.,1.,-1.,1.,1.,-1.,-1.,-1.,1.]",-1,0.2256062030792236,-,-,-,-3.571845676428573,"[-1,1,-1,-1,1,1,-1,-1,-1,1]",-1,-1,-1,-1.0,-1,1744.0742356777191,
6,1,2025-08-20 23:29:36,"[[0.015619156794704402,0.06050282366630215,-0.42532247092683595,-0.048634994311692256,0.2695505732523623,0.09992469373713299,0.12953620773625946,-0.28940163684064013,0.34393238350878436,0.2815565951153677],[0.06050282366630215,0.12022262007921919,-0.46881989124885576,-0.04610153968593983,0.350881780947267,0.1544771946273839,0.15857034622955368,-0.29256687085759536,0.4178572104037513,0.3526001532469241],[-0.42532247092683595,-0.46881989124885576,-0.5205066800126971,-0.13618795179482607,-0.2141603107792554,-0.3250576657195053,-0.007437553839599972,-0.6172122282718959,0.015994039225223133,-0.10708764234255222],[-0.048634994311692256,-0.04610153968593983,-0.13618795179482607,-0.024956442954691807,0.020548526044352422,-0.02248244323417166,0.021197097368219522,-0.12448248807587142,0.060847984886369964,0.03489783149924606],[0.2695505732523623,0.350881780947267,-0.2141603107792554,0.020548526044352422,0.4565537233266553,0.3137645525849042,0.16212735307060772,0.009627172210736168,0.40998469052607056,0.40476500601444754],[0.09992469373713299,0.1544771946273839,-0.3250576657195053,-0.02248244323417166,0.3137645525849042,0.1650211937974685,0.1309184933548813,-0.167836951539369,0.34070632208008084,0.3018888808250021],[0.12953620773625946,0.15857034622955368,-0.007437553839599972,0.021197097368219522,0.16212735307060772,0.1309184933548813,0.04990736207263058,0.07105387540069943,0.12265760328602296,0.13568499587331284],[-0.28940163684064013,-0.29256687085759536,-0.6172122282718959,-0.12448248807587142,0.009627172210736168,-0.167836951539369,0.07105387540069943,-0.6028770100573418,0.2136556856809489,0.09001153567789263],[0.34393238350878436,0.4178572104037513,0.015994039225223133,0.060847984886369964,0.40998469052607056,0.34070632208008084,0.12265760328602296,0.2136556856809489,0.2990612586395707,0.3381391825883827],[0.2815565951153677,0.3526001532469241,-0.10708764234255222,0.03489783149924606,0.40476500601444754,0.3018888808250021,0.13568499587331284,0.09001153567789263,0.3381391825883827,0.3549472506996301]]",10,Random,10,-1.0,-1.0,-1.0,-,-3.782456147549307,"[1.,1.,1.,1.,-1.,1.,-1.,1.,-1.,-1.]",-1,0.2281932830810547,-,-,-,-2.1615678805512166,"[-1,-1,1,1,-1,-1,1,1,-1,-1]",-1,-1,-1,-1.0,-1,1700.1902959346771,
7,1,2025-08-20 23:29:52,"[[0.41803774440597824,0.15361626844954282,0.3050420149276748,0.3368023327570755,0.39658933227830645,0.41430403152390105,0.14836196774300497,0.23001020609870612,-0.08065602895104618,0.40602147004059075],[0.15361626844954282,-0.026670062211142025,-0.05865651549873769,-0.034192330692071185,0.12744724071621977,0.04676244455853126,-0.2078400232067885,-0.012938221959619293,-0.2451318711464029,0.13751039333841616],[0.3050420149276748,-0.05865651549873769,-0.1183407975139018,-0.07233011698815048,0.2578057890627946,0.08752051996626406,-0.439342454953552,-0.03475666125233764,-0.5000547818581798,0.26892162015466253],[0.3368023327570755,-0.034192330692071185,-0.07233011698815048,-0.027790891722125812,0.28938635609677493,0.13215470212587904,-0.38147204007674335,0.0003612960639842056,-0.4723570498520683,0.306804787220878],[0.39658933227830645,0.12744724071621977,0.2578057890627946,0.28938635609677493,0.37573657589346904,0.3711810714212916,0.0763611999747241,0.19412148676904878,-0.12376955638013915,0.3793072672261922],[0.41430403152390105,0.04676244455853126,0.08752051996626406,0.13215470212587904,0.3711810714212916,0.27904183603123667,-0.18138289836951477,0.1077851961286867,-0.35209340646971427,0.39041208505011704],[0.14836196774300497,-0.2078400232067885,-0.439342454953552,-0.38147204007674335,0.0763611999747241,-0.18138289836951477,-0.7705546057671671,-0.22599852145598595,-0.7132922941698275,0.10417438641681381],[0.23001020609870612,-0.012938221959619293,-0.03475666125233764,0.0003612960639842056,0.19412148676904878,0.1077851961286867,-0.22599852145598595,0.010488782384618908,-0.3000992219485776,0.20600564375560748],[-0.08065602895104618,-0.2451318711464029,-0.5000547818581798,-0.4723570498520683,-0.12376955638013915,-0.35209340646971427,-0.7132922941698275,-0.3000992219485776,-0.5446711650366811,-0.11240941235486551],[0.40602147004059075,0.13751039333841616,0.26892162015466253,0.306804787220878,0.3793072672261922,0.39041208505011704,0.10417438641681381,0.20600564375560748,-0.11240941235486551,0.38682786511029854]]",10,Random,10,-1.0,-1.0,-1.0,-,-4.783628448936494,"[-1.,1.,1.,1.,-1.,1.,1.,1.,1.,-1.]",-1,0.2251484394073486,-,-,-,-3.599584995584336,"[-1,1,-1,1,-1,-1,1,1,1,-1]",-1,-1,-1,-1.0,-1,1716.5091180801392,
8,1,2025-08-20 23:29:53,"[[0.13977905396710508,0.09201648498666541,-0.14878156115479205,0.18130705929025248,0.12680337178912215,0.17103941098675052,0.029889328244299528,0.043570806806556735,0.17035622576814935,-0.008535397813944166],[0.09201648498666541,0.05623353031205647,-0.02355562468692335,0.10715013985841662,0.08496350877089764,0.09465945110055035,0.024199620324246933,0.04124444653530383,0.12095604415742219,0.0017848120929685428],[-0.14878156115479205,-0.02355562468692335,-0.9999999999999999,0.0019945344255868636,-0.1481156496751517,0.07939920743588844,-0.09482169236649277,-0.25209409627649976,-0.324937368901453,-0.09882587231656595],[0.18130705929025248,0.10715013985841662,0.0019945344255868636,0.20262782821933203,0.16693683135994716,0.17832633436813922,0.04924009182932743,0.09143583126663388,0.24541390315056083,0.006916136488785904],[0.12680337178912215,0.08496350877089764,-0.1481156496751517,0.16693683135994716,0.1159575895358262,0.15557335773006908,0.027126103403904603,0.0354417607349531,0.1524855811880627,-0.008099955127783972],[0.17103941098675052,0.09465945110055035,0.07939920743588844,0.17832633436813922,0.15557335773006908,0.14599046027256812,0.05093755148164689,0.09882840348581026,0.23750135755089444,0.014875236180350757],[0.029889328244299528,0.024199620324246933,-0.09482169236649277,0.04924009182932743,0.027126103403904603,0.05093755148164689,0.002893325312761675,-0.002259482168289446,0.029338433289507086,-0.0078117016640205095],[0.043570806806556735,0.04124444653530383,-0.25209409627649976,0.09143583126663388,0.0354417607349531,0.09882840348581026,-0.002259482168289446,-0.02262064357833654,0.026153309088331748,-0.021887529292236932],[0.17035622576814935,0.12095604415742219,-0.324937368901453,0.24541390315056083,0.1524855811880627,0.23750135755089444,0.029338433289507086,0.026153309088331748,0.18809140835719465,-0.022669251048773473],[-0.008535397813944166,0.0017848120929685428,-0.09882587231656595,0.006916136488785904,-0.008099955127783972,0.014875236180350757,-0.0078117016640205095,-0.021887529292236932,-0.022669251048773473,-0.00984635886815454]]",10,Random,10,-1.0,-1.0,-1.0,-,-1.589200307596618,"[-1.,-1.,1.,-1.,-1.,-1.,1.,1.,1.,1.]",-1,0.2274150848388672,-,-,-,-1.3911311342028274,"[-1,-1,-1,-1,-1,-1,1,1,-1,1]",-1,-1,-1,-1.0,-1,1716.9232876300812,
9,1,2025-08-20 23:29:45,"[[-0.20616670942008103,-0.09584387734893828,-0.148645590937986,-0.19166276108609984,-0.053279143897547454,-0.38080220290469535,-0.007979740228358331,-0.18808075294285342,-0.3426998997019489,0.08286432128216598],[-0.09584387734893828,0.5003896640653253,0.14514467588483854,0.12504097370952716,-0.006372977912085624,-0.21597093511003942,0.21133105734187113,-0.25935237132689387,0.1095636728756868,0.3584816731228266],[-0.148645590937986,0.14514467588483854,-0.024441084677035343,-0.05538682835354896,-0.03160453985663635,-0.2917168591653076,0.07831073966313927,-0.20527403988528325,-0.14367575942352998,0.1857357621063827],[-0.19166276108609984,0.12504097370952716,-0.05538682835354896,-0.09547385471814347,-0.044478970912303885,-0.37189409738538626,0.07706913146900084,-0.2470380097147266,-0.21539634025626553,0.20516345526720414],[-0.053279143897547454,-0.006372977912085624,-0.03160453985663635,-0.044478970912303885,-0.011296803979046774,-0.1020208383180567,0.00472391841125031,-0.05505753059001544,-0.08109839321846489,0.030963713250010905],[-0.38080220290469535,-0.21597093511003942,-0.2917168591653076,-0.37189409738538626,-0.1020208383180567,-0.7036497126815136,-0.030252834592242983,-0.3405120350893712,-0.655120677612944,0.13244305210144552],[-0.007979740228358331,0.21133105734187113,0.07831073966313927,0.07706913146900084,0.00472391841125031,-0.030252834592242983,0.08445687330853935,-0.07571493730716537,0.09241341414899153,0.12968041775175207],[-0.18808075294285342,-0.25935237132689387,-0.20527403988528325,-0.2470380097147266,-0.05505753059001544,-0.3405120350893712,-0.07571493730716537,-0.12326788949209547,-0.40220272333149043,-0.02391618942387471],[-0.3426998997019489,0.1095636728756868,-0.14367575942352998,-0.21539634025626553,-0.08109839321846489,-0.655120677612944,0.09241341414899153,-0.40220272333149043,-0.4400249664870372,0.2968141813461599],[0.08286432128216598,0.3584816731228266,0.1857357621063827,0.20516345526720414,0.030963713250010905,0.13244305210144552,0.12968041775175207,-0.02391618942387471,0.2968141813461599,0.1550502161825126]]",10,Random,10,-1.0,-1.0,-1.0,-,-4.384375513811842,"[1.,-1.,1.,1.,1.,1.,-1.,1.,1.,-1.]",-1,0.2259132862091064,-,-,-,-3.4958513538510334,"[1,-1,-1,1,1,1,1,1,1,-1]",-1,-1,-1,-1.0,-1,1709.515640258789,
10,1,2025-08-20 23:29:50,"[[-0.2744988691848803,-0.20017885451070186,-0.4124167629707883,-0.36384761287141076,-0.3867308634492563,-0.12415123716496311,-0.019919185890839193,-0.5060770422554911,-0.21046677659562968,-0.46760263162339893],[-0.20017885451070186,-0.10600192190566685,-0.1297621711503133,-0.14376926492609413,-0.13485938464903138,0.030034988703970797,0.019946434744260354,-0.2842106774663145,-0.06868932300818696,-0.14974233354194755],[-0.4124167629707883,-0.1297621711503133,0.0842958861766391,-0.041809654790357274,0.0246969367685234,0.30784650520069096,0.11427778564163153,-0.40648020091554515,0.03728438938204883,0.08859343396166203],[-0.36384761287141076,-0.14376926492609413,-0.041809654790357274,-0.12098441123536918,-0.07794637662098318,0.19019401019820611,0.07683159901852812,-0.417621362073752,-0.026321720571144826,-0.0533370548807481],[-0.3867308634492563,-0.13485938464903138,0.0246969367685234,-0.07794637662098318,-0.023233135887029476,0.25047344335236266,0.09630251437163095,-0.40824975010660614,0.007647408104148142,0.021833094225220458],[-0.12415123716496311,0.030034988703970797,0.30784650520069096,0.19019401019820611,0.25047344335236266,0.2907544107182948,0.0924827479833045,0.020045263107036054,0.15337734608375123,0.3444117638745434],[-0.019919185890839193,0.019946434744260354,0.11427778564163153,0.07683159901852812,0.09630251437163095,0.0924827479833045,0.027928275532676055,0.03549300352408333,0.05679607833661845,0.12787199957468093],[-0.5060770422554911,-0.2842106774663145,-0.40648020091554515,-0.417621362073752,-0.40824975010660614,0.020045263107036054,0.03549300352408333,-0.7556931647734801,-0.21110464065997114,-0.46525815421744526],[-0.21046677659562968,-0.06868932300818696,0.03728438938204883,-0.026321720571144826,0.007647408104148142,0.15337734608375123,0.05679607833661845,-0.21110464065997114,0.015406634038608216,0.03804820626982698],[-0.46760263162339893,-0.14974233354194755,0.08859343396166203,-0.0533370548807481,0.021833094225220458,0.3444117638745434,0.12787199957468093,-0.46525815421744526,0.03804820626982698,0.09183440337740703]]",10,Random,10,-1.0,-1.0,-1.0,-,-4.806252440433826,"[1.,1.,1.,1.,1.,-1.,-1.,1.,1.,1.]",-1,0.2266221046447754,-,-,-,-4.008506353807376,"[1,1,-1,1,1,-1,1,1,1,-1]",-1,-1,-1,-1.0,-1,1714.449298620224,
11,1,2025-08-20 23:15:21,"[[-0.6139251737646224,-0.5366627684538917,-0.20452266392531177,-0.3115191611351606,-0.22422972291664195,-0.24356335380670982,-0.27379173734373125,-0.4172209262716809,-0.3721506508665966,-0.09690264767174858],[-0.5366627684538917,-0.11658381984335832,0.1713133161966548,-0.3861090803149804,-0.0700501325192263,0.04568095979916586,0.019225870343971246,-0.05685961169448225,-0.32091372253041095,0.14427620381939432],[-0.20452266392531177,0.1713133161966548,0.2852105307405663,-0.22383505321125866,0.04877975571738604,0.17738897337605586,0.167419657916781,0.17386955301817472,-0.12480962278759838,0.19865739281440675],[-0.3115191611351606,-0.3861090803149804,-0.22383505321125866,-0.12286273183763019,-0.15780293320772976,-0.2104583681162768,-0.22809638328779686,-0.30761119380335006,-0.18598510230807738,-0.1297395852044],[-0.22422972291664195,-0.0700501325192263,0.04877975571738604,-0.15780293320772976,-0.03909874519933155,0.0025914711076889183,-0.010502017585341795,-0.037822273514524996,-0.13384685767222074,0.04435518269565643],[-0.24356335380670982,0.04568095979916586,0.17738897337605586,-0.2104583681162768,0.0025914711076889183,0.09379393478064858,0.07947078525308464,0.06447088643114972,-0.1461523701683174,0.1302326974370112],[-0.27379173734373125,0.019225870343971246,0.167419657916781,-0.22809638328779686,-0.010502017585341795,0.07947078525308464,0.0694577235613415,0.0460996148200579,-0.16597737526695008,0.12513002364105724],[-0.4172209262716809,-0.05685961169448225,0.17386955301817472,-0.30761119380335006,-0.037822273514524996,0.06447088643114972,0.0460996148200579,-0.02075613328164621,-0.2528804864531039,0.14128350777630397],[-0.3721506508665966,-0.32091372253041095,-0.12480962278759838,-0.18598510230807738,-0.13384685767222074,-0.1461523701683174,-0.16597737526695008,-0.2528804864531039,-0.22127577600473877,-0.05972889869765385],[-0.09690264767174858,0.14427620381939432,0.19865739281440675,-0.1297395852044,0.04435518269565643,0.1302326974370112,0.12513002364105724,0.14128350777630397,-0.05972889869765385,0.13523040356526247]]",10,Random,10,-1.0,-1.0,-1.0,-,-4.113214843313083,"[1.,1.,-1.,1.,1.,1.,1.,1.,1.,-1.]",-1,0.2296168804168701,-,-,-,-4.113214843313083,"[1,1,-1,1,1,-1,1,1,1,-1]",20,-1,-1,-1.0,-1,845.6981217861176,
12,1,2025-08-20 23:29:48,"[[0.21476083226014045,0.010430541603690398,0.1558994935081062,-0.09116641325535041,0.2727753352875665,0.13183101039259482,-0.016924994194714264,-0.23781178179647938,0.13473657199343048,0.4783735967942181],[0.010430541603690398,-0.03421024447250804,0.058925730010971844,-0.05219564883424023,0.06001816600893594,0.022657420841606126,-0.032546826275530766,-0.1937071320168942,-0.00104453358518947,0.08895538171475548],[0.1558994935081062,0.058925730010971844,0.03605329800065883,0.004635879861633897,0.1265889991358938,0.07266203840212156,0.035122871911364914,0.09872403141619497,0.10778461806041863,0.24606492274508604],[-0.09116641325535041,-0.05219564883424023,0.004635879861633897,-0.027128368320400588,-0.05088425149157561,-0.03374155694414219,-0.036281882914552935,-0.14906357893908662,-0.06727201102573777,-0.11208244707551154],[0.2727753352875665,0.06001816600893594,0.1265889991358938,-0.05088425149157561,0.2798195174242037,0.1467950459405145,0.02236206123089686,-0.05108380938014945,0.17968103103702712,0.5124514130485762],[0.13183101039259482,0.022657420841606126,0.07266203840212156,-0.03374155694414219,0.1467950459405145,0.07291154593720751,0.0034286307851596996,-0.06504518889663671,0.08664429727429043,0.26596971911712186],[-0.016924994194714264,-0.032546826275530766,0.035122871911364914,-0.036281882914552935,0.02236206123089686,0.0034286307851596996,-0.02578322635555356,-0.14436049576364646,-0.0169825076752697,0.021601760096844863],[-0.23781178179647938,-0.1937071320168942,0.09872403141619497,-0.14906357893908662,-0.05108380938014945,-0.06504518889663671,-0.14436049576364646,-0.685852812810079,-0.18539585096680075,-0.18072244378077573],[0.13473657199343048,-0.00104453358518947,0.10778461806041863,-0.06727201102573777,0.17968103103702712,0.08664429727429043,-0.0169825076752697,-0.18539585096680075,0.08237394048965119,0.31152490143691636],[0.4783735967942181,0.08895538171475548,0.24606492274508604,-0.11208244707551154,0.5124514130485762,0.26596971911712186,0.021601760096844863,-0.18072244378077573,0.31152490143691636,0.9326453430793701]]",10,Random,10,-1.0,-1.0,-1.0,-,-2.013486968269833,"[1.,1.,-1.,1.,-1.,-1.,1.,1.,1.,-1.]",-1,0.22475266456604,-,-,-,-1.690623375742308,"[-1,-1,-1,1,-1,-1,-1,1,-1,-1]",-1,-1,-1,-1.0,-1,1712.412514448166,
13,1,2025-08-20 23:30:23,"[[0.02831931420387784,0.03506495546596825,0.09934794294118388,0.042314756467124674,0.045159318788448144,-0.0023905975332959087,0.04860200362157287,0.12379532322420567,0.0697051899629749,0.042349426226520444],[0.03506495546596825,0.007725923794456854,-0.011674925956467578,0.025222383726806605,-0.041027840673344126,-0.12895582844947867,-0.029862132766137986,0.042631670757721445,-0.04215084733926003,0.08371597335860954],[0.09934794294118388,-0.011674925956467578,-0.1995552734159574,0.04528421578953065,-0.2492042886456889,-0.5542924085296539,-0.19063999525346165,0.023298316483547202,-0.2826602357329615,0.2951425805509806],[0.042314756467124674,0.025222383726806605,0.04528421578953065,0.0464172543785514,-0.0147698911369585,-0.11050597562358407,0.0022542762630040417,0.10775819905530551,0.001738262991424891,0.09245134700247395],[0.045159318788448144,-0.041027840673344126,-0.2492042886456889,-0.0147698911369585,-0.2219097353441846,-0.40588462120820984,-0.18697514321025238,-0.10993478648959358,-0.27573520401609847,0.17356860176693517],[-0.0023905975332959087,-0.12895582844947867,-0.5542924085296539,-0.11050597562358407,-0.40588462120820984,-0.5573540704528359,-0.35695238274732277,-0.40475316004789974,-0.5272085279297949,0.14706289650180865],[0.04860200362157287,-0.029862132766137986,-0.19063999525346165,0.0022542762630040417,-0.18697514321025238,-0.35695238274732277,-0.1546894972028793,-0.0654074108701995,-0.22587792322865993,0.16516308873970295],[0.12379532322420567,0.042631670757721445,0.023298316483547202,0.10775819905530551,-0.10993478648959358,-0.40475316004789974,-0.0654074108701995,0.2141472660589567,-0.0922832960653091,0.285877525713991],[0.0697051899629749,-0.04215084733926003,-0.2826602357329615,0.001738262991424891,-0.27573520401609847,-0.5272085279297949,-0.22587792322865993,-0.0922832960653091,-0.3324640513957061,0.24273893656146664],[0.042349426226520444,0.08371597335860954,0.2951425805509806,0.09245134700247395,0.17356860176693517,0.14706289650180865,0.16516308873970295,0.285877525713991,0.24273893656146664,0.021404828597093344]]",10,Random,10,-1.0,-1.0,-1.0,-,-3.933386122829863,"[-1.,1.,1.,-1.,1.,1.,1.,1.,1.,-1.]",-1,0.2269978523254394,-,-,-,-3.933386122829863,"[-1,1,1,-1,1,1,1,1,1,-1]",-1,51,-1,-1.0,-1,1747.8008289337158,
14,1,2025-08-20 23:05:28,"[[-0.2313622839363859,-0.016487443479771692,-0.021330398676795627,-0.07946353851162655,-0.5874834659840261,0.020777436094676974,0.09885315895291052,-0.0220969787963785,-0.07346059995561205,-0.12117454209582218],[-0.016487443479771692,-0.0016875109797250827,-0.0031429395092484715,-0.00934970627291257,-0.08587654865476652,0.008807582390844651,0.024278445695170084,0.005539951473893266,-0.004407193031323171,-0.011001325717924636],[-0.021330398676795627,-0.0031429395092484715,-0.00239692523117768,-0.003381076612468644,-0.14129889501537002,0.012047823514055022,0.04557071230294615,0.01119676923998124,-0.0009258371400135642,-0.010386874653586415],[-0.07946353851162655,-0.00934970627291257,-0.003381076612468644,0.008125056497637517,-0.4778291686502107,0.03854398416069269,0.14141456945880984,0.02464690192220324,-0.015710774676765234,-0.03496071077195064],[-0.5874834659840261,-0.08587654865476652,-0.14129889501537002,-0.4778291686502107,-0.9805353877692707,-0.019976486833721094,0.006552624673268559,-0.2629220270658933,-0.4034198838689112,-0.5285622296061894],[0.020777436094676974,0.008807582390844651,0.012047823514055022,0.03854398416069269,-0.019976486833721094,0.012140939033805252,0.026218177657590082,0.036743213007641426,0.038685057245867946,0.04164255288847254],[0.09885315895291052,0.024278445695170084,0.04557071230294615,0.14141456945880984,0.006552624673268559,0.026218177657590082,0.07937513179367083,0.10045759693368174,0.1243794428441912,0.1386622292577741],[-0.0220969787963785,0.005539951473893266,0.01119676923998124,0.02464690192220324,-0.2629220270658933,0.036743213007641426,0.10045759693368174,0.05066013082731458,0.030988835028827506,0.016068447529947343],[-0.07346059995561205,-0.004407193031323171,-0.0009258371400135642,-0.015710774676765234,-0.4034198838689112,0.038685057245867946,0.1243794428441912,0.030988835028827506,-0.003209786304640137,-0.032685798401398555],[-0.12117454209582218,-0.011001325717924636,-0.010386874653586415,-0.03496071077195064,-0.5285622296061894,0.04164255288847254,0.1386622292577741,0.016068447529947343,-0.032685798401398555,-0.06744650465860293]]",10,Random,10,-1.0,-1.0,-1.0,-,-2.694944639622385,"[1.,1.,1.,1.,1.,-1.,-1.,1.,1.,1.]",-1,0.227247953414917,-,-,-,-2.694944639622385,"[1,-1,-1,1,1,1,-1,1,1,1]",6,-1,-1,-1.0,-1,252.381373167038,
15,1,2025-08-20 23:29:26,"[[0.0491065801910114,0.021483355856311497,-0.0017454636880094888,-0.021187275721707324,0.04915714359146703,-0.03964948186705228,0.015275625972642468,0.05778290015654127,-0.19147707310845966,-0.03995530529274115],[0.021483355856311497,-0.032740537721357786,-0.055196837683954565,-0.11258365874646398,-0.03930037973062682,-0.09307367787888386,-0.07332603194350558,0.06169216059489346,-0.343462230820038,-0.07807918583445081],[-0.0017454636880094888,-0.055196837683954565,-0.06847215110402155,-0.12746058299342033,-0.0719202146982276,-0.09468489404584421,-0.09094693509080538,0.04288332413710954,-0.3010026029448271,-0.06421108693997193],[-0.021187275721707324,-0.11258365874646398,-0.12746058299342033,-0.23466868923812106,-0.15589811614962393,-0.16434847601441005,-0.17583947183169243,0.05774891702758789,-0.49329621245702476,-0.10366554183428509],[0.04915714359146703,-0.03930037973062682,-0.0719202146982276,-0.15589811614962393,-0.02049313946514928,-0.14523671769040875,-0.07237997983965712,0.10168064108460052,-0.5068465103762994,-0.1012915004994214],[-0.03964948186705228,-0.09307367787888386,-0.09468489404584421,-0.16434847601441005,-0.14523671769040875,-0.09929709696627714,-0.146690933839749,0.015574005978080653,-0.28401511553850123,-0.06429380526872858],[0.015275625972642468,-0.07332603194350558,-0.09094693509080538,-0.17583947183169243,-0.07237997983965712,-0.146690933839749,-0.12867155569729932,0.09139075971260341,-0.528371521645457,-0.11862580755525931],[0.05778290015654127,0.06169216059489346,0.04288332413710954,0.05774891702758789,0.10168064108460052,0.015574005978080653,0.09139075971260341,0.022637125491130592,0.02607350846144934,0.017127165798733492],[-0.19147707310845966,-0.343462230820038,-0.3010026029448271,-0.49329621245702476,-0.5068465103762994,-0.28401511553850123,-0.528371521645457,0.02607350846144934,-0.841790529282669,-0.2169812372673893],[-0.03995530529274115,-0.07807918583445081,-0.06421108693997193,-0.10366554183428509,-0.1012915004994214,-0.06429380526872858,-0.11862580755525931,0.017127165798733492,-0.2169812372673893,-0.05669357310094883]]",10,Random,10,-1.0,-1.0,-1.0,-,-4.2554236062692485,"[1.,1.,1.,1.,1.,1.,1.,-1.,1.,1.]",-1,0.2281515598297119,-,-,-,-3.232219192158143,"[-1,1,-1,1,1,1,1,-1,1,1]",-1,-1,-1,-1.0,-1,1690.3145143985748,
16,1,2025-08-20 23:15:09,"[[-0.31736387534292587,-0.07690709228807245,0.1664389161683627,-0.15636293452690642,-0.21227620354583634,0.016561243849907925,-0.3724515991898105,-0.1813641925979947,-0.21000792595887396,-0.5736642998373147],[-0.07690709228807245,0.0006015361924118724,0.15874488174250942,-0.055062933015553074,-0.003588674288562052,0.08147368646858306,-0.09189980840861722,-0.04732450604834719,-0.013996084970457276,-0.18321678133105807],[0.1664389161683627,0.15874488174250942,0.746848799019799,-0.04941887850883857,0.4285666610313386,0.5228605588894664,0.17301018452033728,0.049570618961272725,0.3568951321666887,-0.03419130050970837],[-0.15636293452690642,-0.055062933015553074,-0.04941887850883857,-0.055984693755349896,-0.15304579251531716,-0.07452648616916556,-0.17922319765360722,-0.08121478661456509,-0.1407812430365476,-0.22703043383479063],[-0.21227620354583634,-0.003588674288562052,0.4285666610313386,-0.15304579251531716,-0.018050505562595135,0.21573963096878934,-0.25693869609852377,-0.13488561069543567,-0.044554619628029105,-0.50788769587488],[0.016561243849907925,0.08147368646858306,0.5228605588894664,-0.07452648616916556,0.21573963096878934,0.3392675708700837,0.007667853028598515,-0.017638689537349928,0.1702311569745568,-0.17940027504365116],[-0.3724515991898105,-0.09189980840861722,0.17301018452033728,-0.17922319765360722,-0.25693869609852377,0.007667853028598515,-0.4368035899433875,-0.2094039781589782,-0.2521530250629377,-0.6641434206508282],[-0.1813641925979947,-0.04732450604834719,0.049570618961272725,-0.08121478661456509,-0.13488561069543567,-0.017638689537349928,-0.2094039781589782,-0.09895928653976344,-0.13016602981172154,-0.30310615038144845],[-0.21000792595887396,-0.013996084970457276,0.3568951321666887,-0.1407812430365476,-0.044554619628029105,0.1702311569745568,-0.2521530250629377,-0.13016602981172154,-0.06502464308513457,-0.47738834287964843],[-0.5736642998373147,-0.18321678133105807,-0.03419130050970837,-0.22703043383479063,-0.50788769587488,-0.17940027504365116,-0.6641434206508282,-0.30310615038144845,-0.47738834287964843,-0.9016472993524173]]",10,Random,10,-1.0,-1.0,-1.0,-,-5.698017949748683,"[1.,1.,-1.,1.,1.,-1.,1.,1.,1.,1.]",-1,0.2286934852600097,-,-,-,-5.698017949748683,"[1,1,-1,1,1,-1,1,1,1,1]",21,-1,-1,-1.0,-1,833.6562554836273,
17,1,2025-08-20 23:22:10,"[[0.41108483711892685,-0.08826137904875975,0.09614480811264961,0.057348499341286954,0.5428184973480367,0.256948517566334,0.24934532809614926,-0.13356225757198478,0.09491175108387342,0.25736242668470033],[-0.08826137904875975,-0.17170039257841418,0.01653531931341371,-0.15827120218010454,-0.413864814203184,-0.20296631765892598,-0.20126398822262093,-0.16474919342608665,-0.2699150219448555,-0.06420080934363576],[0.09614480811264961,0.01653531931341371,0.016418474228411965,0.03959539352585158,0.1821634512651079,0.08736700444194767,0.08464055995944084,0.006016353971285738,0.067895789892243,0.06040025043296482],[0.057348499341286954,-0.15827120218010454,0.03959539352585158,-0.09956369673985366,-0.14961590778855124,-0.06934279948272393,-0.07843604220017153,-0.16786568742333857,-0.17627322460601863,0.02736420747228318],[0.5428184973480367,-0.413864814203184,0.1821634512651079,-0.14961590778855124,0.24914095643986867,0.11771047712632882,0.09358480815925432,-0.4805843611426638,-0.2667741599145876,0.3215573703233299],[0.256948517566334,-0.20296631765892598,0.08736700444194767,-0.06934279948272393,0.11771047712632882,0.05691897815347399,0.04559493267784105,-0.2309711226812864,-0.1295263161588928,0.15486227025666452],[0.24934532809614926,-0.20126398822262093,0.08464055995944084,-0.07843604220017153,0.09358480815925432,0.04559493267784105,0.03178469557987659,-0.2346029422087967,-0.1383693305200666,0.14533299210718742],[-0.13356225757198478,-0.16474919342608665,0.006016353971285738,-0.16786568742333857,-0.4805843611426638,-0.2309711226812864,-0.2346029422087967,-0.15646353899452736,-0.28662629588776156,-0.09694973953632055],[0.09491175108387342,-0.2699150219448555,0.067895789892243,-0.17627322460601863,-0.2667741599145876,-0.1295263161588928,-0.1383693305200666,-0.28662629588776156,-0.3050625958880464,0.04586255715713729],[0.25736242668470033,-0.06420080934363576,0.06040025043296482,0.02736420747228318,0.3215573703233299,0.15486227025666452,0.14533299210718742,-0.09694973953632055,0.04586255715713729,0.15714226804208553]]",10,Random,10,-1.0,-1.0,-1.0,-,-3.520118966332468,"[-1.,1.,-1.,1.,1.,1.,1.,1.,1.,-1.]",-1,0.2249069213867187,-,-,-,-3.520118966332468,"[-1,1,1,1,1,1,1,1,1,-1]",34,-1,-1,-1.0,-1,1254.4684836864471,
