Id (int),Valid (int),Updated (str),Matrix (mat),Size (int),Type (str),Rank (int),Density (flt),Stiffness (flt),Penalty (flt),Sboost (flt),Test_solver (str),Test (flt),Test_state (vec),Test_iterations (int),Test_time (flt),Train_solver (str),Preprocessing (str),Postprocessing (str),Train (flt),Train_state (vec),Train_iterations (int),Train_iterations_1 (int),Train_iterations_2 (int),Train_iterations_3 (int),Train_cost (flt),Train_shots (int),Train_time (flt),Flags (str),Baren (int)
0,0,0,0,0,0,0,0.0,0.0,0.0,0.0,0,0.0,0,0,0.0,0,0,0,0.0,0,0,0,0,0,0.0,0,0.0,0.0,
1,1,2025-09-01 20:19:38,"[[0.3398477633202357,0.5965020777071031,-0.1313844990433618,0.025277563592468466,0.5461998458272133,-0.17468878365028861,0.6014891993655259,0.5069724235671245,-0.5484453671222967,-0.13442774324290108],[0.5965020777071031,0.10274523647217948,-0.1998024454961328,-0.7634678285716386,0.3711532833519212,-0.14952573782697987,0.25477121716779305,0.15227834295035492,-0.35789518077385296,-0.20712597994380433],[-0.1313844990433618,-0.1998024454961328,0.2056228914125764,-0.6220037926210377,0.3026307660177411,0.3706832488849271,-0.40290253979824275,0.2104570159647594,0.3009366601560597,-0.7364242905058637],[0.025277563592468466,-0.7634678285716386,-0.6220037926210377,0.31631308205411046,0.4976673785729825,0.023766002111790807,-0.06968882049166225,0.30389805619957977,-0.06768901063970745,0.821440196915379],[0.5461998458272133,0.3711532833519212,0.3026307660177411,0.4976673785729825,-0.9307304302276456,-0.5678804130922721,-0.09672307855883877,0.4594314008706609,0.28633456787004885,-0.809619890688125],[-0.17468878365028861,-0.14952573782697987,0.3706832488849271,0.023766002111790807,-0.5678804130922721,-0.7089423415320866,-0.0580410318676009,0.628618391050121,-0.11262833910713121,-0.20494556013333765],[0.6014891993655259,0.25477121716779305,-0.40290253979824275,-0.06968882049166225,-0.09672307855883877,-0.0580410318676009,-0.40685883917230403,-0.6049605186389683,-0.6542448174879035,-0.9142172211809424],[0.5069724235671245,0.15227834295035492,0.2104570159647594,0.30389805619957977,0.4594314008706609,0.628618391050121,-0.6049605186389683,0.12007815682157408,-0.10628131764204751,-0.020895974942666595],[-0.5484453671222967,-0.35789518077385296,0.3009366601560597,-0.06768901063970745,0.28633456787004885,-0.11262833910713121,-0.6542448174879035,-0.10628131764204751,-0.947597128605697,-0.31118948614608843],[-0.13442774324290108,-0.20712597994380433,-0.7364242905058637,0.821440196915379,-0.809619890688125,-0.20494556013333765,-0.9142172211809424,-0.020895974942666595,-0.31118948614608843,0.79350227454273]]",10,Benchmark,-1,-1.0,-1.0,-1.0,100000000.0,-,-4.143951929914471,"[-1.,1.,1.,1.,1.,1.,1.,-1.,1.,1.]",-1,0.5240991115570068,MA-PIA,,,-4.122132596217632,"[-1,1,1,-1,1,1,1,-1,1,1]",101,6,6,6,-1.0,1000,2072.772663116455,,-1.0
2,1,2025-09-01 20:24:02,"[[0.4488134886129749,-0.24822924068913488,-0.3385219966615637,-0.13939129691989238,0.18805804536305304,-0.3237399576623121,0.4861295558616321,0.2790241046867278,-0.07974138523164132,-0.24753073550154503],[-0.24822924068913488,0.8204088817420017,0.15057965603588963,0.6282607011170793,0.22331689896581863,-0.7256286545174595,-0.21200638528632898,-0.360677731889691,0.023371165699224372,-0.24443033651676216],[-0.3385219966615637,0.15057965603588963,-0.6016126119598086,0.017450933575150263,0.22486226826401168,-0.09547615446773294,-0.4814145213860016,-0.30733790284483364,0.17169953503102975,-0.09009475834756087],[-0.13939129691989238,0.6282607011170793,0.017450933575150263,0.8600155600470485,-0.14910688148279705,-0.6407935423905781,0.6061763628590289,-0.7670649798616228,0.41285193438098644,-0.296010400745619],[0.18805804536305304,0.22331689896581863,0.22486226826401168,-0.14910688148279705,0.9383881240092193,-0.44960963771772944,0.5436916420196882,-0.8150817929503577,0.12252602287686876,-0.04023185869159618],[-0.3237399576623121,-0.7256286545174595,-0.09547615446773294,-0.6407935423905781,-0.44960963771772944,-0.957587452067661,0.5025791724997613,-0.4362482502726731,-0.385528383926213,-0.8300848461743618],[0.4861295558616321,-0.21200638528632898,-0.4814145213860016,0.6061763628590289,0.5436916420196882,0.5025791724997613,-0.2678456135265028,0.014809443597300076,0.10060408054509418,-0.17014703139045284],[0.2790241046867278,-0.360677731889691,-0.30733790284483364,-0.7670649798616228,-0.8150817929503577,-0.4362482502726731,0.014809443597300076,-0.17252160637099356,0.35295704571366826,-0.2848743838038975],[-0.07974138523164132,0.023371165699224372,0.17169953503102975,0.41285193438098644,0.12252602287686876,-0.385528383926213,0.10060408054509418,0.35295704571366826,-0.3685616028672385,0.4228772080638432],[-0.24753073550154503,-0.24443033651676216,-0.09009475834756087,-0.296010400745619,-0.04023185869159618,-0.8300848461743618,-0.17014703139045284,-0.2848743838038975,0.4228772080638432,0.1824782821601405]]",10,Benchmark,-1,-1.0,-1.0,-1.0,100000000.0,-,-4.658120943916698,"[1.,1.,1.,1.,1.,1.,-1.,1.,-1.,1.]",-1,0.2361261844635009,MA-PIA,,,-4.658120943916698,"[1,1,1,1,1,1,-1,1,-1,1]",14,14,14,14,-1.0,1000,262.90167570114136,,-1.0
3,1,2025-09-01 20:25:32,"[[0.36895323870459196,-0.18976355179664073,0.4107575825085865,0.4631179543243612,0.11525485400168778,0.3090415495944705,0.099795014328383,-0.5331029305024849,0.7149531110748559,0.3448425683803884],[-0.18976355179664073,0.4361922085193777,-0.7160608181785852,0.25922198138696084,0.012576758468382576,0.6093472215327053,-0.06702031892490024,0.20857430410663358,-0.09565831281645809,-0.8855656473523111],[0.4107575825085865,-0.7160608181785852,-0.7994501201682302,0.5056625413906315,-0.4003860643210292,0.06669961905408694,0.6841083803879541,-0.2767849712878995,-0.5012926365980593,0.15199597437875223],[0.4631179543243612,0.25922198138696084,0.5056625413906315,-0.7639530168776396,0.5945774271374968,0.1691834999608327,-0.06143080386340549,-0.19407932540159079,0.26737935169122473,-0.12365249815050228],[0.11525485400168778,0.012576758468382576,-0.4003860643210292,0.5945774271374968,-0.9035484304493064,-0.5037344977745369,-0.8171538351360462,0.37904327340505284,-0.4730407060369044,0.33493029713030653],[0.3090415495944705,0.6093472215327053,0.06669961905408694,0.1691834999608327,-0.5037344977745369,-0.3569113901941525,0.39686058567030125,0.3946098746397618,0.2783034935370601,0.527342313678082],[0.099795014328383,-0.06702031892490024,0.6841083803879541,-0.06143080386340549,-0.8171538351360462,0.39686058567030125,0.7105063350251852,0.5329194402064494,0.02017796806727834,0.11110050561961593],[-0.5331029305024849,0.20857430410663358,-0.2767849712878995,-0.19407932540159079,0.37904327340505284,0.3946098746397618,0.5329194402064494,0.5306812013338391,-0.37894324022602366,0.7276376107498104],[0.7149531110748559,-0.09565831281645809,-0.5012926365980593,0.26737935169122473,-0.4730407060369044,0.2783034935370601,0.02017796806727834,-0.37894324022602366,0.10554179471786096,0.2129338184911468],[0.3448425683803884,-0.8855656473523111,0.15199597437875223,-0.12365249815050228,0.33493029713030653,0.527342313678082,0.11110050561961593,0.7276376107498104,0.2129338184911468,-0.6231531049988122]]",10,Benchmark,-1,-1.0,-1.0,-1.0,100000000.0,-,-3.8493105210614633,"[-1.,1.,1.,-1.,1.,-1.,-1.,-1.,1.,1.]",-1,0.2528712749481201,MA-PIA,,,-3.8493105210614633,"[-1,1,1,-1,1,-1,-1,-1,1,1]",5,5,5,5,-1.0,1000,90.53183817863464,,-1.0
4,1,2025-09-01 20:41:13,"[[0.556612279101885,-0.05525719790178185,-0.28449698412975377,-0.016496584326737396,0.16392992279310215,-0.7187953745817512,-0.6015357186914961,-0.17399552118553785,-0.7095468455317298,-0.5803263436566182],[-0.05525719790178185,0.7845434294891227,0.43852810855428337,0.12675390415129983,-0.8448516787292942,0.4370170849408095,-0.5229708144123323,-0.2938305093891789,0.018569290295408325,0.05600964619656024],[-0.28449698412975377,0.43852810855428337,-0.13421146100938341,-0.12869465732748697,0.4163838617838591,-0.714760093843122,-0.3141013101698553,0.08682463736080748,-0.6279912717921907,-0.5497170679980016],[-0.016496584326737396,0.12675390415129983,-0.12869465732748697,-0.9593795531793325,-0.4570391814436898,0.1937883211795408,0.35583429574865955,-0.31029682294140304,-0.20319833201271453,0.7198458953342498],[0.16392992279310215,-0.8448516787292942,0.4163838617838591,-0.4570391814436898,0.09800588437455282,-0.033815093146169595,0.6307904439820998,0.09464498241274732,0.7759415148101141,0.15821863589832785],[-0.7187953745817512,0.4370170849408095,-0.714760093843122,0.1937883211795408,-0.033815093146169595,-0.8560649247456111,-0.3486208727630913,0.19422687702873653,-0.4028996584903176,-0.37223823428298775],[-0.6015357186914961,-0.5229708144123323,-0.3141013101698553,0.35583429574865955,0.6307904439820998,-0.3486208727630913,-0.36781881144382234,-0.2115163169921449,0.5457066077301322,0.007339445335008632],[-0.17399552118553785,-0.2938305093891789,0.08682463736080748,-0.31029682294140304,0.09464498241274732,0.19422687702873653,-0.2115163169921449,-0.4968534511035083,-0.13990246246483395,0.6264910567291518],[-0.7095468455317298,0.018569290295408325,-0.6279912717921907,-0.20319833201271453,0.7759415148101141,-0.4028996584903176,0.5457066077301322,-0.13990246246483395,0.7428051534443738,-0.2578632905497148],[-0.5803263436566182,0.05600964619656024,-0.5497170679980016,0.7198458953342498,0.15821863589832785,-0.37223823428298775,0.007339445335008632,0.6264910567291518,-0.2578632905497148,0.21244144197355097]]",10,Benchmark,-1,-1.0,-1.0,-1.0,100000000.0,-,-4.791006744858191,"[1.,-1.,1.,-1.,-1.,1.,1.,-1.,1.,1.]",-1,0.2378926277160644,MA-PIA,,,-4.791006744858191,"[1,-1,1,-1,-1,1,1,-1,1,1]",53,53,5,53,-1.0,1000,940.6941437721252,,-1.0
5,1,2025-09-01 19:46:05,"[[0.8219108802302031,-0.33376531142940924,-0.13028821489743725,0.11803315959690341,0.528512519507518,-0.4133363092303093,0.07166114388447409,0.11546669267575926,0.2770347613160127,-0.7551167371988272],[-0.33376531142940924,-0.7759021026982953,-0.05342005828745955,0.08475569240013459,-0.06841577894418172,0.17305334283124363,0.6733184411194009,-0.0850465641476259,-0.0697890287227938,0.5397977129007671],[-0.13028821489743725,-0.05342005828745955,0.24443832993441883,-0.4127577635510554,-0.08090844815026832,-0.804193145951321,0.07542307748540678,-0.2343156035073004,-0.5257198440493434,0.37765021260435594],[0.11803315959690341,0.08475569240013459,-0.4127577635510554,0.4376205714421113,-0.20094340278773593,-0.359034004147458,0.39428868719403753,-0.7998826906016752,-0.8177025841888922,0.14040199620395788],[0.528512519507518,-0.06841577894418172,-0.08090844815026832,-0.20094340278773593,-0.44285854847413164,0.15252189458179166,-0.7054834306596939,-0.002394594530238714,-0.15123715128325488,0.15528455756422976],[-0.4133363092303093,0.17305334283124363,-0.804193145951321,-0.359034004147458,0.15252189458179166,-0.3362666079188039,0.8934873624571248,0.2285963535427329,0.6722130328962245,0.05780008019266902],[0.07166114388447409,0.6733184411194009,0.07542307748540678,0.39428868719403753,-0.7054834306596939,0.8934873624571248,0.7451279644398234,-0.7784053366995834,0.29837653289632593,0.5965886621922182],[0.11546669267575926,-0.0850465641476259,-0.2343156035073004,-0.7998826906016752,-0.002394594530238714,0.2285963535427329,-0.7784053366995834,-0.4378753692948263,0.2179753576594261,-0.1556404529594102],[0.2770347613160127,-0.0697890287227938,-0.5257198440493434,-0.8177025841888922,-0.15123715128325488,0.6722130328962245,0.29837653289632593,0.2179753576594261,-0.10605484464560444,-0.18812697286650204],[-0.7551167371988272,0.5397977129007671,0.37765021260435594,0.14040199620395788,0.15528455756422976,0.05780008019266902,0.5965886621922182,-0.1556404529594102,-0.18812697286650204,-0.04031292870538139]]",10,Benchmark,-1,-1.0,-1.0,-1.0,100000000.0,-,-3.551630572071729,"[-1.,1.,1.,1.,1.,1.,-1.,1.,1.,-1.]",-1,0.4856271743774414,MA-PIA,,,-3.551630572071729,"[-1,1,1,1,1,1,-1,1,1,-1]",3,3,3,3,-1.0,1000,58.915005683898926,,-1.0
6,1,2025-09-01 20:02:05,"[[0.3408846669411698,0.4133098783692404,-0.45820252960664554,0.6039707685375498,-0.23076538713549655,-0.05884168752959451,0.5275469641876854,-0.7442924220568674,-0.5140756634070065,0.08787979689306324],[0.4133098783692404,0.8067546920088458,-0.020799832445377975,0.39090960664906826,-0.2761750313202793,-0.5201116501442289,-0.030033301942323898,-0.19768920395025547,0.8564908857051601,0.544066096133902],[-0.45820252960664554,-0.020799832445377975,-0.7087953968454221,-0.5155850532889436,-0.6479660301673459,-0.3708719927779439,-0.2285413174039722,-0.42005106662976155,0.11481815445097765,-0.6411835154833222],[0.6039707685375498,0.39090960664906826,-0.5155850532889436,-0.014445474745894415,-0.15310023999015754,-0.8937425985798975,0.2657884928926503,0.18188197795737926,-0.02117500871903366,-0.9143617747942588],[-0.23076538713549655,-0.2761750313202793,-0.6479660301673459,-0.15310023999015754,0.27867590997725245,0.03582059747874422,-0.11585105241063498,-0.5022760588616962,-0.6030647844161613,0.31798552463821383],[-0.05884168752959451,-0.5201116501442289,-0.3708719927779439,-0.8937425985798975,0.03582059747874422,-0.5208886048428656,-0.16783939821451554,-0.5654627886524332,0.3199156184898966,-0.046096275573712764],[0.5275469641876854,-0.030033301942323898,-0.2285413174039722,0.2657884928926503,-0.11585105241063498,-0.16783939821451554,0.14632834810082418,0.32070305217934214,0.1181184976197519,-0.6515421925839381],[-0.7442924220568674,-0.19768920395025547,-0.42005106662976155,0.18188197795737926,-0.5022760588616962,-0.5654627886524332,0.32070305217934214,0.5004897167078877,0.03188345126423775,-0.2695007113905643],[-0.5140756634070065,0.8564908857051601,0.11481815445097765,-0.02117500871903366,-0.6030647844161613,0.3199156184898966,0.1181184976197519,0.03188345126423775,0.18805209422405422,-0.17447455125188038],[0.08787979689306324,0.544066096133902,-0.6411835154833222,-0.9143617747942588,0.31798552463821383,-0.046096275573712764,-0.6515421925839381,-0.2695007113905643,-0.17447455125188038,-0.9787786528279474]]",10,Benchmark,-1,-1.0,-1.0,-1.0,100000000.0,-,-6.062260506662673,"[1.,-1.,1.,1.,1.,1.,-1.,1.,1.,1.]",-1,0.2384483814239502,MA-PIA,,,-6.062260506662673,"[1,-1,1,1,1,1,1,1,1,1]",43,43,9,43,-1.0,1000,960.3936500549316,,-1.0
7,1,2025-09-01 20:22:50,"[[-0.4852990186705699,-0.660861425017431,0.39263834560693534,0.07592967624069669,0.631848611504373,-0.14956241273822235,0.053160952352260815,0.074618969704638,0.6140265665838248,-0.37868231722548473],[-0.660861425017431,-0.46587353310368274,-0.4100230787638204,0.4858262478525879,-0.6311140089919476,0.19070747313311476,0.4104298175662747,0.22928883991150661,0.3624435045244214,-0.23376963865742317],[0.39263834560693534,-0.4100230787638204,0.5838740957580928,0.28111582545633707,-0.07943666894905366,0.21494218193865988,-0.0005387140514864219,-0.4398368475605333,-0.052420518641372205,0.3389264372288878],[0.07592967624069669,0.4858262478525879,0.28111582545633707,0.7831555751262675,0.3612872557567868,-0.40793328949498253,-0.6817463079589839,0.43803473200392273,-0.5434458419866931,0.13882848304542905],[0.631848611504373,-0.6311140089919476,-0.07943666894905366,0.3612872557567868,-0.8178909517978552,0.004431962024313951,0.16876401488907966,-0.5035311195842186,0.4773927254025975,0.8589464229405681],[-0.14956241273822235,0.19070747313311476,0.21494218193865988,-0.40793328949498253,0.004431962024313951,0.7886361001333504,0.14476224722630882,0.2300043680660424,0.16386465319338528,-0.1588873079179961],[0.053160952352260815,0.4104298175662747,-0.0005387140514864219,-0.6817463079589839,0.16876401488907966,0.14476224722630882,0.9802869916059533,-0.7636015643839537,0.1060804577562574,-0.11647185533163895],[0.074618969704638,0.22928883991150661,-0.4398368475605333,0.43803473200392273,-0.5035311195842186,0.2300043680660424,-0.7636015643839537,0.7597794274953147,-0.02697248496442095,0.0478693400714999],[0.6140265665838248,0.3624435045244214,-0.052420518641372205,-0.5434458419866931,0.4773927254025975,0.16386465319338528,0.1060804577562574,-0.02697248496442095,0.7901223869765348,-0.40631124364500404],[-0.37868231722548473,-0.23376963865742317,0.3389264372288878,0.13882848304542905,0.8589464229405681,-0.1588873079179961,-0.11647185533163895,0.0478693400714999,-0.40631124364500404,0.7371712038289826]]",10,Benchmark,-1,-1.0,-1.0,-1.0,100000000.0,-,-2.93095480062924,"[-1.,1.,1.,-1.,1.,-1.,-1.,1.,-1.,-1.]",-1,0.3644218444824219,MA-PIA,,,-2.93095480062924,"[-1,1,1,-1,1,-1,-1,-1,-1,-1]",62,62,62,62,-1.0,1000,1245.0996878147123,,-1.0
8,1,2025-09-01 20:38:45,"[[-0.8666132959527881,0.13680980982810165,-0.2074384281545696,0.22823130112915624,-0.0057709464023438795,0.4195511649417738,-0.035304263893697785,-0.05668724326242591,0.36579229718343476,0.887204901418645],[0.13680980982810165,-0.6360399518964304,-0.37468272144322523,-0.5823343192138103,-0.19278309408473637,-0.08696936592430948,-0.21628938740655046,0.5467010875787203,-0.7097976566421301,0.5304670791501817],[-0.2074384281545696,-0.37468272144322523,0.492024193377141,-0.10720026370516511,-0.8049557323981149,0.4272314253167302,0.035726429642461754,0.7611441463474299,0.039871071249048096,-0.44796742242209053],[0.22823130112915624,-0.5823343192138103,-0.10720026370516511,0.28739097485927645,0.5901477122307758,-0.3322106491114011,-0.22352062887938384,0.00872749615698365,0.3087566225521463,-0.21047957333002354],[-0.0057709464023438795,-0.19278309408473637,-0.8049557323981149,0.5901477122307758,0.42874957066136554,0.0983276180959406,0.5893333419892963,-0.5745150531118036,-0.25461434699370555,0.1817485440265295],[0.4195511649417738,-0.08696936592430948,0.4272314253167302,-0.3322106491114011,0.0983276180959406,0.4068082478091535,-0.7253308414154461,-0.1299697414254105,0.20241499778627814,0.47382125944889986],[-0.035304263893697785,-0.21628938740655046,0.035726429642461754,-0.22352062887938384,0.5893333419892963,-0.7253308414154461,0.9401776938930202,0.37862820051508717,-0.5446753883092359,-0.8677471888490533],[-0.05668724326242591,0.5467010875787203,0.7611441463474299,0.00872749615698365,-0.5745150531118036,-0.1299697414254105,0.37862820051508717,-0.6260367406162686,-0.20760757595153256,0.11420596073868605],[0.36579229718343476,-0.7097976566421301,0.039871071249048096,0.3087566225521463,-0.25461434699370555,0.20241499778627814,-0.5446753883092359,-0.20760757595153256,-0.01431837658848334,0.11502148447286309],[0.887204901418645,0.5304670791501817,-0.44796742242209053,-0.21047957333002354,0.1817485440265295,0.47382125944889986,-0.8677471888490533,0.11420596073868605,0.11502148447286309,-0.737505642421376]]",10,Benchmark,-1,-1.0,-1.0,-1.0,100000000.0,-,-2.892899615670797,"[-1.,1.,1.,1.,-1.,-1.,1.,-1.,1.,1.]",-1,0.3430078029632568,MA-PIA,,,-2.892899615670797,"[-1,1,1,1,1,-1,1,-1,1,1]",54,54,54,54,-1.0,1000,953.8907606601716,,-1.0
9,1,2025-09-01 20:20:27,"[[0.4198360245668411,-0.07763076913568434,0.14658397375994436,0.2898289146010833,-0.15014471542337138,0.09415508269503281,0.36649417837638765,-0.26593003554486383,-0.19630830875072802,0.42800149065491355],[-0.07763076913568434,-0.22750125853065395,-0.1475075545201996,-0.16573754569001375,-0.16781351469589423,-0.097962722985244,0.47097934477205516,-0.007604846078517302,-0.3294969476407976,0.4169580209314985],[0.14658397375994436,-0.1475075545201996,0.9292572042424572,-0.5782764670675636,0.7193080976055615,-0.0800690694264431,-0.16726239662311637,0.6765543896768764,-0.0797221389363274,-0.2464004470474358],[0.2898289146010833,-0.16573754569001375,-0.5782764670675636,0.9578057203954149,0.46444392468816575,-0.42694989081175283,-0.37589959600670075,0.3765596702504317,-0.09245934642140874,0.4654018393544095],[-0.15014471542337138,-0.16781351469589423,0.7193080976055615,0.46444392468816575,0.9715356679977138,0.6178014473430077,-0.3637863552520837,-0.31244375356576604,-0.39821288510525144,-0.4767138064107104],[0.09415508269503281,-0.097962722985244,-0.0800690694264431,-0.42694989081175283,0.6178014473430077,-0.602282817230811,0.0036151406109854456,-0.3759718563485194,-0.40628011600264635,-0.5196307747707484],[0.36649417837638765,0.47097934477205516,-0.16726239662311637,-0.37589959600670075,-0.3637863552520837,0.0036151406109854456,0.13467013878602008,-0.38585387721933506,-0.39313533884867735,0.26470981907346713],[-0.26593003554486383,-0.007604846078517302,0.6765543896768764,0.3765596702504317,-0.31244375356576604,-0.3759718563485194,-0.38585387721933506,0.16258213005964817,-0.2724736371814451,0.5754522055770003],[-0.19630830875072802,-0.3294969476407976,-0.0797221389363274,-0.09245934642140874,-0.39821288510525144,-0.40628011600264635,-0.39313533884867735,-0.2724736371814451,-0.6636194369858028,-0.2797508182328565],[0.42800149065491355,0.4169580209314985,-0.2464004470474358,0.4654018393544095,-0.4767138064107104,-0.5196307747707484,0.26470981907346713,0.5754522055770003,-0.2797508182328565,-0.6810621824599685]]",10,Benchmark,-1,-1.0,-1.0,-1.0,100000000.0,-,-3.046922656017074,"[-1.,-1.,-1.,-1.,1.,1.,1.,1.,1.,1.]",-1,0.2491021156311035,MA-PIA,,,-2.8756139509793,"[-1,1,-1,-1,-1,1,1,1,1,1]",101,-1,-1,-1,-1.0,1000,2120.91034078598,,-1.0
10,1,2025-09-01 20:50:04,"[[-0.9247501248192513,0.7687854155126496,-0.2837860625133213,-0.46864877688187,-0.5529555677640706,0.10655051033913798,-0.056245203255105736,-0.04694481738872669,0.15764063423219554,-0.06350431659239486],[0.7687854155126496,0.14522223466908502,0.5294620058678982,-0.09241049900024612,-0.8958992728730074,0.16886223111109966,0.2985917115327841,-0.07977329906157471,-0.2691117493766648,0.00586449747201323],[-0.2837860625133213,0.5294620058678982,0.652946474952353,-0.8163049215486797,-0.1581170071710961,-0.45520436696967237,-0.1435139521597837,-0.25409862041364395,0.23524150800349097,0.09946501910294481],[-0.46864877688187,-0.09241049900024612,-0.8163049215486797,0.7914644749887063,-0.009579951065171621,-0.07572891273818305,0.016182557941334164,0.025270519804793445,0.5496520270634483,0.9068859406168817],[-0.5529555677640706,-0.8958992728730074,-0.1581170071710961,-0.009579951065171621,-0.06929558754214193,-0.027446501394057576,-0.2790206135584824,0.10411153914337556,-0.32985042054139224,0.23315178852357776],[0.10655051033913798,0.16886223111109966,-0.45520436696967237,-0.07572891273818305,-0.027446501394057576,0.1558178795106957,0.20824730396866775,-0.0297227987665043,-0.03318741103906009,-0.49119720669027334],[-0.056245203255105736,0.2985917115327841,-0.1435139521597837,0.016182557941334164,-0.2790206135584824,0.20824730396866775,0.011930747097653294,-0.30760556531418193,-0.46303358315186427,0.18080274310135436],[-0.04694481738872669,-0.07977329906157471,-0.25409862041364395,0.025270519804793445,0.10411153914337556,-0.0297227987665043,-0.30760556531418193,0.8775485950897794,-0.1340804942267355,-0.7549765627904811],[0.15764063423219554,-0.2691117493766648,0.23524150800349097,0.5496520270634483,-0.32985042054139224,-0.03318741103906009,-0.46303358315186427,-0.1340804942267355,-0.1770250275714187,-0.16992201814380048],[-0.06350431659239486,0.00586449747201323,0.09946501910294481,0.9068859406168817,0.23315178852357776,-0.49119720669027334,0.18080274310135436,-0.7549765627904811,-0.16992201814380048,0.39678782536104307]]",10,Benchmark,-1,-1.0,-1.0,-1.0,100000000.0,-,-2.9256078955615736,"[1.,-1.,1.,-1.,1.,1.,1.,1.,1.,1.]",-1,0.2688994407653808,MA-PIA,,,-2.541246474682998,"[1,-1,1,1,1,1,1,1,1,-1]",101,-1,-1,-1,-1.0,1000,1776.6716649532318,,-1.0
11,1,2025-09-01 20:52:02,"[[-0.4438353764461693,0.12290406954449906,0.1127938620811626,0.27305993794749317,0.06833297006014027,0.08680182470491482,-0.4551914685346943,-0.4818714422204764,-0.08285938244168578,0.6794185778167315],[0.12290406954449906,0.5265198481649345,-0.4953144326276774,0.11773496345933987,0.14224569851927094,-0.13757448132454997,-0.696420133465236,0.12840187706804407,0.09153585893051785,-0.292295769311236],[0.1127938620811626,-0.4953144326276774,-0.5126242538987344,0.0765953832560956,0.08522413152487396,0.14852741038378725,-0.4137836506905953,0.36360771388331814,0.21007550010972553,-0.5366133012122534],[0.27305993794749317,0.11773496345933987,0.0765953832560956,-0.2826545971034895,-0.4313388582228851,0.026533861973298434,0.4982223048405613,0.891271073239721,-0.0016607266066148707,0.14461437907452523],[0.06833297006014027,0.14224569851927094,0.08522413152487396,-0.4313388582228851,-0.303026579340399,-0.5816353896172527,-0.30854464589160857,-0.4345285137906266,-0.8545550411005278,-0.041572889342431196],[0.08680182470491482,-0.13757448132454997,0.14852741038378725,0.026533861973298434,-0.5816353896172527,0.8390868631350508,-0.01709757827008529,0.233715701864747,0.6557029060695706,-0.6065875215081019],[-0.4551914685346943,-0.696420133465236,-0.4137836506905953,0.4982223048405613,-0.30854464589160857,-0.01709757827008529,-0.41640024197240133,-0.9593343403167591,-0.6921417843905511,-0.44604806843354927],[-0.4818714422204764,0.12840187706804407,0.36360771388331814,0.891271073239721,-0.4345285137906266,0.233715701864747,-0.9593343403167591,0.14626653994300653,0.04828313482233393,0.04570993367616727],[-0.08285938244168578,0.09153585893051785,0.21007550010972553,-0.0016607266066148707,-0.8545550411005278,0.6557029060695706,-0.6921417843905511,0.04828313482233393,-0.8771838730819073,-0.12166542595616892],[0.6794185778167315,-0.292295769311236,-0.5366133012122534,0.14461437907452523,-0.041572889342431196,-0.6065875215081019,-0.44604806843354927,0.04570993367616727,-0.12166542595616892,0.18944359405119915]]",10,Benchmark,-1,-1.0,-1.0,-1.0,100000000.0,-,-4.816694671236119,"[1.,1.,1.,-1.,1.,-1.,1.,1.,1.,1.]",-1,0.4588210582733154,MA-PIA,,,-4.816694671236119,"[1,1,1,-1,1,-1,1,1,1,1]",8,8,8,8,-1.0,1000,118.41991591453552,,-1.0
12,1,2025-09-01 21:06:58,"[[0.20479899007439184,-0.16866523522255927,-0.9414092075618464,-0.40934830660365507,-0.263048323651738,-0.14773921193192718,-0.28000356334776366,0.1680720885985174,0.7341004535217265,-0.2244350099426432],[-0.16866523522255927,0.6457664929131761,0.3969274851971888,-0.13888506178728544,0.0664695386579881,0.5985199025186514,-0.09300623824101428,-0.16773195089501702,0.024168694304495975,0.49839063808857864],[-0.9414092075618464,0.3969274851971888,-0.14976050589105916,-0.11881667695240128,-0.7226161884121468,0.2135344852564398,-0.09645852817809575,-0.2625896242094645,-0.7349620425058823,0.7273159496636393],[-0.40934830660365507,-0.13888506178728544,-0.11881667695240128,0.4586487423830494,-0.0024134831551628766,-0.40622383349365443,-0.4065801569268235,-0.5861069033842572,0.38450304433642146,-0.09670174194925552],[-0.263048323651738,0.0664695386579881,-0.7226161884121468,-0.0024134831551628766,-0.5129721516436272,-0.2177705038134098,0.686435255336182,-0.4202186454211243,-0.16593149929368445,0.14107096718988388],[-0.14773921193192718,0.5985199025186514,0.2135344852564398,-0.40622383349365443,-0.2177705038134098,0.8564653670701148,-0.32375519620503856,0.037416907930597376,-0.10498774351557139,-0.5571350134486998],[-0.28000356334776366,-0.09300623824101428,-0.09645852817809575,-0.4065801569268235,0.686435255336182,-0.32375519620503856,0.8966385155328809,0.11329941123479215,0.13058833211110044,-0.02639408660280662],[0.1680720885985174,-0.16773195089501702,-0.2625896242094645,-0.5861069033842572,-0.4202186454211243,0.037416907930597376,0.11329941123479215,-0.7504595994968204,0.1298237644756438,-0.5373837643922256],[0.7341004535217265,0.024168694304495975,-0.7349620425058823,0.38450304433642146,-0.16593149929368445,-0.10498774351557139,0.13058833211110044,0.1298237644756438,-0.5417250096383313,-0.49465955394052374],[-0.2244350099426432,0.49839063808857864,0.7273159496636393,-0.09670174194925552,0.14107096718988388,-0.5571350134486998,-0.02639408660280662,-0.5373837643922256,-0.49465955394052374,0.5549262295350252]]",10,Benchmark,-1,-1.0,-1.0,-1.0,100000000.0,-,-4.217945258978775,"[1.,-1.,1.,1.,1.,1.,-1.,1.,1.,1.]",-1,0.4037020206451416,MA-PIA,,,-4.217945258978775,"[1,-1,1,1,1,1,-1,1,-1,1]",63,63,63,63,-1.0,1000,895.5753872394562,,-1.0
13,1,2025-09-01 19:51:08,"[[-0.46798214210894407,-0.22854527180566786,-0.5042475680729364,0.5142496151343505,0.45269867353796167,0.14918214028299703,-0.4416739519171563,0.2800651774503201,0.25968008753590766,0.150382262808758],[-0.22854527180566786,0.35191549252000076,-0.04164415195679749,0.059839734659706045,-0.41611862528711674,0.0412009724511766,0.05380178432905203,-0.2751515779954522,0.058110395447161234,-0.5467240340423121],[-0.5042475680729364,-0.04164415195679749,0.31194439664136064,0.5191091264631224,0.17775932394029537,-0.7720433468837166,-0.012896999017445232,-0.36161705712319814,0.6146454955144589,-0.18293309180259854],[0.5142496151343505,0.059839734659706045,0.5191091264631224,-0.4239254198200353,-0.06197483249178737,-0.44342867014779475,-0.6768174283467164,-0.6830228477352372,0.13340197116197816,-0.8187591647924599],[0.45269867353796167,-0.41611862528711674,0.17775932394029537,-0.06197483249178737,0.4923726792819241,0.529595456118985,-0.014652983352717475,0.6650296550785281,0.5871384286922805,0.41778733822418224],[0.14918214028299703,0.0412009724511766,-0.7720433468837166,-0.44342867014779475,0.529595456118985,-0.44065166995224136,0.09562971027313749,0.15765623991162658,0.31444035583607155,-0.41440770318897346],[-0.4416739519171563,0.05380178432905203,-0.012896999017445232,-0.6768174283467164,-0.014652983352717475,0.09562971027313749,-0.9325669254902558,0.48861929559827366,0.4943895419637139,-0.052831357765042],[0.2800651774503201,-0.2751515779954522,-0.36161705712319814,-0.6830228477352372,0.6650296550785281,0.15765623991162658,0.48861929559827366,-0.8470203071357416,-0.1641203389128718,-0.22207814357838407],[0.25968008753590766,0.058110395447161234,0.6146454955144589,0.13340197116197816,0.5871384286922805,0.31444035583607155,0.4943895419637139,-0.1641203389128718,-0.7075139395856027,-0.11783386353209024],[0.150382262808758,-0.5467240340423121,-0.18293309180259854,-0.8187591647924599,0.41778733822418224,-0.41440770318897346,-0.052831357765042,-0.22207814357838407,-0.11783386353209024,0.14520672774036436]]",10,Benchmark,-1,-1.0,-1.0,-1.0,100000000.0,-,-4.631293396801215,"[1.,1.,1.,1.,-1.,1.,1.,1.,-1.,1.]",-1,0.4833402633666992,MA-PIA,,,-4.631293396801215,"[1,1,-1,1,-1,1,1,1,-1,1]",16,16,16,16,-1.0,1000,362.5797481536865,,-1.0
14,1,2025-09-01 19:54:58,"[[0.5248409000714622,0.29704216216723855,-0.48126519420643843,0.22789036478500824,-0.20352756653602522,-0.10968805323162023,-0.6357541495388501,0.04184540544154303,-0.9254272840951281,-0.5481576512470936],[0.29704216216723855,-0.9027690554296941,-0.79570591896215,-0.17093544882209033,-0.015707172305843065,0.4944564920677592,-0.02707865316366631,0.41739422246872515,0.276239157890911,-0.2882968883381003],[-0.48126519420643843,-0.79570591896215,0.9609250389766386,-0.011054540471067353,0.4939668752198353,-0.26481216821636877,-0.24345108972103224,0.9612686467840867,-0.02385900407688113,-0.9791695296404879],[0.22789036478500824,-0.17093544882209033,-0.011054540471067353,0.07091064320174323,-0.06849084767408053,0.011103601378713135,-0.03778506219940847,0.16222030732709658,-0.3442807631086947,-0.04554454864913382],[-0.20352756653602522,-0.015707172305843065,0.4939668752198353,-0.06849084767408053,-0.6802105638741998,0.12049510305554423,0.7077623772645805,0.2836936723026393,0.2140451615571669,0.5134013013917613],[-0.10968805323162023,0.4944564920677592,-0.26481216821636877,0.011103601378713135,0.12049510305554423,-0.7484860874141226,-0.06673688453104198,-0.42334894242044896,-0.41845444235506213,-0.5572805817213026],[-0.6357541495388501,-0.02707865316366631,-0.24345108972103224,-0.03778506219940847,0.7077623772645805,-0.06673688453104198,0.3538894373757202,0.08995856415311787,-0.13490345889626465,0.3897438936249271],[0.04184540544154303,0.41739422246872515,0.9612686467840867,0.16222030732709658,0.2836936723026393,-0.42334894242044896,0.08995856415311787,0.13123565989407915,0.14562124783711405,-0.46833129698506815],[-0.9254272840951281,0.276239157890911,-0.02385900407688113,-0.3442807631086947,0.2140451615571669,-0.41845444235506213,-0.13490345889626465,0.14562124783711405,-0.6824354428750459,-0.056336482797252785],[-0.5481576512470936,-0.2882968883381003,-0.9791695296404879,-0.04554454864913382,0.5134013013917613,-0.5572805817213026,0.3897438936249271,-0.46833129698506815,-0.056336482797252785,0.2623156912326259]]",10,Benchmark,-1,-1.0,-1.0,-1.0,100000000.0,-,-4.748151851996508,"[1.,1.,1.,1.,-1.,1.,1.,-1.,1.,1.]",-1,0.4626984596252441,MA-PIA,,,-4.748151851996508,"[1,1,1,1,-1,1,1,-1,1,1]",10,10,10,10,-1.0,1000,229.535856962204,,-1.0
15,1,2025-09-01 19:58:03,"[[-0.6854826298001913,0.014744154209875404,-0.1703925825269913,-0.46839798887649564,-0.3577860372762529,-0.718415352365333,-0.097594520229622,-0.6436968689875427,-0.1346651200097363,-0.26714303497305136],[0.014744154209875404,0.08080645546786958,0.6921143860363356,0.22536154794697438,0.18019402692453168,0.28433107499452204,-0.621334314688894,0.557576648486579,-0.2258640318186953,-0.03362178175080821],[-0.1703925825269913,0.6921143860363356,-0.2162576335247901,-0.6265819877230107,-0.6704029318259016,-0.4192339104311543,-0.19100288174875246,0.326163042358776,-0.7930156330456123,0.4331913957711748],[-0.46839798887649564,0.22536154794697438,-0.6265819877230107,0.026591417351921054,0.3533321572310937,-0.5249528767624008,0.430028070435706,-0.7713318572255176,0.5111396126239774,0.16036858266555987],[-0.3577860372762529,0.18019402692453168,-0.6704029318259016,0.3533321572310937,0.08959425631047124,0.17556845765138984,0.16175392826625967,-0.10641628115224377,-0.7408809492097118,0.3027053062353635],[-0.718415352365333,0.28433107499452204,-0.4192339104311543,-0.5249528767624008,0.17556845765138984,0.5879553267811524,-0.6079059735523642,0.49150510182827645,-0.3264291041151094,-0.14844555893232803],[-0.097594520229622,-0.621334314688894,-0.19100288174875246,0.430028070435706,0.16175392826625967,-0.6079059735523642,-0.8196858820674515,0.0687691670220143,-0.4154435323488008,0.7468736168789727],[-0.6436968689875427,0.557576648486579,0.326163042358776,-0.7713318572255176,-0.10641628115224377,0.49150510182827645,0.0687691670220143,-0.03300280761610108,-0.16460377795795966,0.05390318963878937],[-0.1346651200097363,-0.2258640318186953,-0.7930156330456123,0.5111396126239774,-0.7408809492097118,-0.3264291041151094,-0.4154435323488008,-0.16460377795795966,-0.5130069013045089,-0.5108723579600336],[-0.26714303497305136,-0.03362178175080821,0.4331913957711748,0.16036858266555987,0.3027053062353635,-0.14844555893232803,0.7468736168789727,0.05390318963878937,-0.5108723579600336,0.24324373591607973]]",10,Benchmark,-1,-1.0,-1.0,-1.0,100000000.0,-,-5.756024946194344,"[1.,-1.,1.,1.,1.,1.,1.,1.,1.,-1.]",-1,0.2404797077178955,MA-PIA,,,-5.756024946194344,"[1,-1,1,1,1,1,1,1,1,-1]",9,9,9,9,-1.0,1000,184.32551217079163,,-1.0
16,1,2025-09-01 20:29:52,"[[-0.03908623258066912,0.8706129355458515,0.28163031286527707,0.025313239030101853,-0.006499307588286207,-0.0390479196345177,0.19205240367086085,0.49994932326703945,-0.33102251235310765,-0.5296423570392768],[0.8706129355458515,-0.3965646680729009,-0.3880214438860282,0.5541188761181004,-0.3804510587069143,-0.029676774995392674,0.12621431026271546,0.3627200486848424,-0.5103225392454493,0.13263492781946118],[0.28163031286527707,-0.3880214438860282,0.7386929980585959,-0.24689365785464334,-0.4222642544324794,-0.3408824358644029,-0.11682117365189959,0.6136943822392839,-0.2555743161246551,-0.1796226665003572],[0.025313239030101853,0.5541188761181004,-0.24689365785464334,0.09084267791006773,0.11404521557442648,0.5817524367794011,0.525365927277497,-0.052745175023241164,0.3502970965366137,-0.5217712380831372],[-0.006499307588286207,-0.3804510587069143,-0.4222642544324794,0.11404521557442648,-0.4687378706991463,-0.04217441213275308,0.3234763520511763,-0.06914188501735785,-0.007331300197686796,0.5804955615438349],[-0.0390479196345177,-0.029676774995392674,-0.3408824358644029,0.5817524367794011,-0.04217441213275308,0.3023421469637919,-0.3435357623484171,0.7904619954075615,-0.29570273552422544,0.3206914520201155],[0.19205240367086085,0.12621431026271546,-0.11682117365189959,0.525365927277497,0.3234763520511763,-0.3435357623484171,-0.2824975024786529,-0.0784408534246962,0.27856403957539366,0.3577951610993937],[0.49994932326703945,0.3627200486848424,0.6136943822392839,-0.052745175023241164,-0.06914188501735785,0.7904619954075615,-0.0784408534246962,-0.44218848996112925,0.5694538683005419,0.5569824938125244],[-0.33102251235310765,-0.5103225392454493,-0.2555743161246551,0.3502970965366137,-0.007331300197686796,-0.29570273552422544,0.27856403957539366,0.5694538683005419,-0.8974036809659176,-0.0660600235753378],[-0.5296423570392768,0.13263492781946118,-0.1796226665003572,-0.5217712380831372,0.5804955615438349,0.3206914520201155,0.3577951610993937,0.5569824938125244,-0.0660600235753378,-0.5345842433598929]]",10,Benchmark,-1,-1.0,-1.0,-1.0,100000000.0,-,-3.48960973124075,"[-1.,1.,1.,-1.,1.,1.,-1.,-1.,1.,-1.]",-1,0.2357492446899414,MA-PIA,,,-3.48960973124075,"[-1,1,1,-1,1,1,-1,-1,1,1]",94,94,94,94,-1.0,1000,1908.9351768493648,,-1.0
17,1,2025-09-01 19:47:22,"[[-0.049941165375623875,0.7852415745247142,-0.1592904245635297,0.5306152300117971,-0.19343824886147998,-0.17878904425617437,-0.23452370214516716,0.6370178577094445,-0.09223179235966283,-0.049892355680684286],[0.7852415745247142,0.04330606802508763,0.3743268627989672,0.16483401472495673,-0.5113429151289878,0.1837441711095038,0.11962273880989316,0.004919491109740659,-0.091298579886822,0.2565014259167655],[-0.1592904245635297,0.3743268627989672,-0.6494568045575546,-0.7014910252556787,0.4381847146296185,-0.6402198159077459,0.0577545306632814,-0.7558035329145923,-0.4979205588859398,-0.05040375140570463],[0.5306152300117971,0.16483401472495673,-0.7014910252556787,0.31168789942133057,-0.30315479724826666,0.28151379085402883,-0.07570516610798772,0.02124115677518368,0.18438142777185507,-0.4147631995245866],[-0.19343824886147998,-0.5113429151289878,0.4381847146296185,-0.30315479724826666,0.9442029216129464,-0.18295212270717132,-0.3649552393658134,-0.7239537523590439,-0.5833740272074003,0.5891571248718988],[-0.17878904425617437,0.1837441711095038,-0.6402198159077459,0.28151379085402883,-0.18295212270717132,-0.6548063071418255,-0.1298708005538397,0.006087124643122777,-0.2541828033134367,0.4054930177338243],[-0.23452370214516716,0.11962273880989316,0.0577545306632814,-0.07570516610798772,-0.3649552393658134,-0.1298708005538397,-0.7531412523112124,-0.6664517710045728,0.4421372307749212,0.09488455706404719],[0.6370178577094445,0.004919491109740659,-0.7558035329145923,0.02124115677518368,-0.7239537523590439,0.006087124643122777,-0.6664517710045728,0.07791338699597072,0.2303657777009489,-0.19410476228804263],[-0.09223179235966283,-0.091298579886822,-0.4979205588859398,0.18438142777185507,-0.5833740272074003,-0.2541828033134367,0.4421372307749212,0.2303657777009489,0.8017880806793956,-0.6505978605048918],[-0.049892355680684286,0.2565014259167655,-0.05040375140570463,-0.4147631995245866,0.5891571248718988,0.4054930177338243,0.09488455706404719,-0.19410476228804263,-0.6505978605048918,0.5343130003336789]]",10,Benchmark,-1,-1.0,-1.0,-1.0,100000000.0,-,-3.607570096279874,"[-1.,-1.,1.,1.,1.,1.,1.,1.,1.,-1.]",-1,0.2716274261474609,MA-PIA,,,-3.607570096279874,"[-1,-1,1,1,1,1,1,1,1,-1]",6,6,6,6,-1.0,1000,136.74137496948242,,-1.0
