{
 "cells": [
  {
   "cell_type": "code",
   "execution_count": 1,
   "id": "49885595",
   "metadata": {},
   "outputs": [],
   "source": [
    "from preparator import Preparator \n",
    "import numpy as np \n",
    "from solver import Solver \n",
    "prep = Preparator()\n",
    "\n",
    "from preparator import Preparator \n",
    "from logger import Logger \n",
    "import pandas as pd \n",
    "from datetime import datetime\n",
    "import tqdm \n",
    "#Header\n",
    "# Id (int),\n",
    "# Valid (int),\n",
    "# Updated (str),\n",
    "# Matrix (mat),\n",
    "# Size (int),\n",
    "# Type (str),\n",
    "# Rank (int),\n",
    "# Density (flt),\n",
    "# Stiffness (flt),\n",
    "# Other (flt),\n",
    "# Test_solver (str),\n",
    "# Test (flt),\n",
    "# Test_state (vec),\n",
    "# Test_iterations (int),\n",
    "# Test_time (flt),\n",
    "# Train_solver (str),\n",
    "# Preprocessing (str),\n",
    "# Postprocessing (str),\n",
    "# Train (flt),\n",
    "# Train_state (vec),\n",
    "# Train (flt), \n",
    "# Train_iterations_1 (int),\n",
    "# Train_iterations_2 (int),\n",
    "# Train_iterations_3 (int),\n",
    "# Train_shots (int),\n",
    "# Train_cost (flt),\n",
    "# Train_time (flt),\n",
    "# Flags (str)\n",
    "# Baren (int)\n"
   ]
  },
  {
   "cell_type": "code",
   "execution_count": 2,
   "id": "ade76d81",
   "metadata": {},
   "outputs": [
    {
     "name": "stdout",
     "output_type": "stream",
     "text": [
      "Logfile data/benchmark/Sboost_0_ansatz_MA-PIA_stepsize_0.25_shots_1000.csv already exists\n"
     ]
    }
   ],
   "source": [
    "# Prepare source dataset \n",
    "\n",
    "source_name = 'data/benchmark/Sboost_{sboost}_ansatz_{ansatz}_stepsize_{stepsize}_shots_{shots}.csv'\n",
    "\n",
    "Config = {\n",
    "    'size' : 10,\n",
    "    'count' : 100, \n",
    "    'shots' : 1000, \n",
    "    'sboost' : 0,\n",
    "    'stepsize' : 0.25, \n",
    "    'accepterr': [0.01,0.05,0.1], \n",
    "    'iterations_limit' : 100, \n",
    "    'baren_err' : 0.01,\n",
    "    'baren_threshold': 10,\n",
    "    'ansatz' : 'MA-PIA'\n",
    "}\n",
    "\n",
    "template = pd.read_csv('data/template_benchmark.csv')\n",
    "\n",
    "log = Logger (log_template = template, log_path = source_name.format(size = Config['size'], sboost = Config['sboost'], stepsize = Config['stepsize'], shots = Config['shots'], ansatz = Config['ansatz']))\n",
    "exists = log.create_logfile()\n",
    "\n",
    "log_file, id = log._load_logfile()\n"
   ]
  },
  {
   "cell_type": "code",
   "execution_count": 3,
   "id": "8c705c40",
   "metadata": {},
   "outputs": [
    {
     "name": "stderr",
     "output_type": "stream",
     "text": [
      "Generating matrices to solve with sboost 0: 100%|██████████| 100/100 [00:00<00:00, 100.06it/s]\n"
     ]
    },
    {
     "data": {
      "text/plain": [
       "{'Id (int)': 1,\n",
       " 'Valid (int)': 1,\n",
       " 'Updated (str)': '2025-09-02 19:11:59',\n",
       " 'Matrix (mat)': array([[-0.39804876, -0.2445617 ,  0.33113785,  0.68077897,  0.44261496,\n",
       "          0.16073465, -0.39471008,  0.16943005,  0.0548569 ,  0.10284181],\n",
       "        [-0.2445617 ,  0.78084911, -0.017486  ,  0.01208866,  0.04770728,\n",
       "          0.18876241,  0.16185143,  0.29214162, -0.15932606,  0.09824018],\n",
       "        [ 0.33113785, -0.017486  ,  0.09558855, -0.15642884,  0.40169942,\n",
       "         -0.69122928,  0.02489505, -0.25808543, -0.60462911,  0.3749415 ],\n",
       "        [ 0.68077897,  0.01208866, -0.15642884,  0.91212647, -0.53576655,\n",
       "         -0.30532393,  0.03663924, -0.83525742, -0.59573623, -0.24080271],\n",
       "        [ 0.44261496,  0.04770728,  0.40169942, -0.53576655, -0.90016659,\n",
       "         -0.10853992, -0.23674832,  0.35892358, -0.0294557 ,  0.27260358],\n",
       "        [ 0.16073465,  0.18876241, -0.69122928, -0.30532393, -0.10853992,\n",
       "         -0.2308474 , -0.40212481,  0.52499146, -0.79813303,  0.17836546],\n",
       "        [-0.39471008,  0.16185143,  0.02489505,  0.03663924, -0.23674832,\n",
       "         -0.40212481,  0.42539775,  0.01332748, -0.01173626, -0.07301127],\n",
       "        [ 0.16943005,  0.29214162, -0.25808543, -0.83525742,  0.35892358,\n",
       "          0.52499146,  0.01332748, -0.31964075, -0.32839474, -0.37967658],\n",
       "        [ 0.0548569 , -0.15932606, -0.60462911, -0.59573623, -0.0294557 ,\n",
       "         -0.79813303, -0.01173626, -0.32839474, -0.5855635 ,  0.02036001],\n",
       "        [ 0.10284181,  0.09824018,  0.3749415 , -0.24080271,  0.27260358,\n",
       "          0.17836546, -0.07301127, -0.37967658,  0.02036001, -0.35995655]]),\n",
       " 'Size (int)': 10,\n",
       " 'Type (str)': 'Benchmark',\n",
       " 'Rank (int)': -1,\n",
       " 'Density (flt)': -1.0,\n",
       " 'Stiffness (flt)': -1.0,\n",
       " 'Penalty (flt)': -1.0,\n",
       " 'Sboost (flt)': 0.0,\n",
       " 'Test_solver (str)': '-',\n",
       " 'Test (flt)': -1.0,\n",
       " 'Test_state (vec)': 0,\n",
       " 'Test_iterations (int)': -1,\n",
       " 'Test_time (flt)': -1.0,\n",
       " 'Train_solver (str)': '-',\n",
       " 'Preprocessing (str)': '-',\n",
       " 'Postprocessing (str)': '-',\n",
       " 'Train (flt)': -1.0,\n",
       " 'Train_state (vec)': 0,\n",
       " 'Train_iterations (int)': -1,\n",
       " 'Train_iterations_1 (int)': -1,\n",
       " 'Train_iterations_2 (int)': -1,\n",
       " 'Train_iterations_3 (int)': -1,\n",
       " 'Train_cost (flt)': -1.0,\n",
       " 'Train_shots (int)': -1,\n",
       " 'Train_time (flt)': -1.0,\n",
       " 'Flags (str)': nan,\n",
       " 'Baren (int)': -1}"
      ]
     },
     "metadata": {},
     "output_type": "display_data"
    }
   ],
   "source": [
    "\n",
    "\n",
    "for i in tqdm.tqdm(range(Config['count']), desc = f\"Generating matrices to solve with sboost {Config['sboost']}\"):\n",
    "    \n",
    "    id += 1\n",
    "    matrix = np.random.uniform(size = (Config['size'], Config['size']), low = -1, high = 1)\n",
    "    matrix = (matrix.T + matrix) / 2\n",
    "    current_datetime = datetime.now()\n",
    "    data = { \n",
    "        'Id (int)' : id, \n",
    "        'Valid (int)' : 1, \n",
    "        'Updated (str)' : current_datetime.strftime(\"%Y-%m-%d %H:%M:%S\"),\n",
    "        'Matrix (mat)' : matrix,\n",
    "        'Size (int)' : Config['size'],\n",
    "        'Type (str)' : 'Benchmark',\n",
    "        'Rank (int)' : -1,\n",
    "        'Density (flt)' : -1.0,\n",
    "        'Stiffness (flt)' : -1.0, \n",
    "        'Penalty (flt)' : -1.0,\n",
    "        'Sboost (flt)' : Config['sboost'],\n",
    "        'Test_solver (str)' : '-',\n",
    "        'Test (flt)' : -1.0,\n",
    "        'Test_state (vec)' : [],\n",
    "        'Test_iterations (int)' : -1,\n",
    "        'Test_time (flt)' : -1.0,\n",
    "        'Train_solver (str)' : '-',\n",
    "        'Preprocessing (str)' : '-',\n",
    "        'Postprocessing (str)' : '-',\n",
    "        'Train (flt)' : -1.0,\n",
    "        'Train_state (vec)' : [],\n",
    "        'Train_iterations (int)' : -1, \n",
    "        'Train_iterations_1 (int)' : -1,\n",
    "        'Train_iterations_2 (int)' : -1,\n",
    "        'Train_iterations_3 (int)' : -1,\n",
    "        'Train_shots (int)': -1, \n",
    "        'Train_cost (flt)' : -1.0,\n",
    "        'Train_time (flt)' : -1.0, \n",
    "        'Flags (str)' : '',\n",
    "        'Baren (int)' : -1\n",
    "    }\n",
    "    \n",
    "    log.log(data)\n",
    "\n",
    "\n",
    "display(log.read(1))"
   ]
  },
  {
   "cell_type": "code",
   "execution_count": 4,
   "id": "9e49449d",
   "metadata": {},
   "outputs": [],
   "source": [
    "import pennylane as qml \n",
    "testdev = qml.device ('default.qubit', wires = Config['size'], shots = Config['shots'])"
   ]
  },
  {
   "cell_type": "code",
   "execution_count": 5,
   "metadata": {},
   "outputs": [],
   "source": [
    "\n",
    "def test (ids : np.ndarray, solver : str = 'bruteforce', log_data : bool = False, progressbar : bool = False ):\n",
    "\n",
    "    ''' \n",
    "    ids : np.ndarray \n",
    "        a list of ids to compute \n",
    "    solver : str \n",
    "        solver to compute with \n",
    "    ''' \n",
    "    \n",
    "    tester = Solver(dev = testdev, ansatz = '')\n",
    "\n",
    "    if (progressbar):\n",
    "        id_range = tqdm(ids, desc = f\"Testing matrices with ids {min(ids)} <--> {max(ids)}\") \n",
    "    else: \n",
    "        id_range = ids\n",
    "    processed_data = []\n",
    "    for id in id_range:\n",
    "\n",
    "        data = log.read(id)\n",
    "\n",
    "        print(data)\n",
    "        def test_solver(Q : np.ndarray, solver : str = 'bruteforce'): \n",
    "            ''' \n",
    "            tester wrapped\n",
    "            '''\n",
    "\n",
    "            match solver: \n",
    "                case 'bruteforce':\n",
    "                    J, h = prep.isingForm(Q)\n",
    "                    return tester.checkIsing(J, h)\n",
    "                case 'GW':\n",
    "                    pass\n",
    "                case 'Annealing': \n",
    "                    pass\n",
    "            \n",
    "        Q = data['Matrix (mat)']\n",
    "\n",
    "        tested_data = data.copy()\n",
    "        \n",
    "        test, test_state, test_time = test_solver(Q)\n",
    "\n",
    "        current_datetime = datetime.now()\n",
    "\n",
    "        tested_data['Test (flt)'] = test \n",
    "        tested_data['Test_state (vec)'] = test_state[0].numpy()\n",
    "        tested_data['Test_time (flt)'] = test_time\n",
    "        tested_data['Test_solver (flt)'] = solver\n",
    "        tested_data['Updated (str)'] = current_datetime.strftime(\"%Y-%m-%d %H:%M:%S\")\n",
    "        \n",
    "        processed_data.append(tested_data)\n",
    "\n",
    "        if (log_data): \n",
    "            log.log(tested_data, byid = True, Id = id)\n",
    "    return processed_data\n"
   ]
  },
  {
   "cell_type": "code",
   "execution_count": null,
   "id": "be600689",
   "metadata": {},
   "outputs": [
    {
     "name": "stdout",
     "output_type": "stream",
     "text": [
      "Columns in data/stiffness/Stiffness_size_10_stiffs_[1.0, 10.0, 100.0, 1000.0, 10000.0, 100000.0, 1000000.0]_stepsize_0.25_shots_1000.csv are broken. Expected Index(['Id (int)', 'Valid (int)', 'Updated (str)', 'Matrix (mat)',\n",
      "       'Size (int)', 'Type (str)', 'Rank (int)', 'Density (flt)',\n",
      "       'Stiffness (flt)', 'Penalty (flt)', 'Other (flt)', 'Test_solver (str)',\n",
      "       'Test (flt)', 'Test_state (vec)', 'Test_iterations (int)',\n",
      "       'Test_time (flt)', 'Train_solver (str)', 'Preprocessing (str)',\n",
      "       'Postprocessing (str)', 'Train (flt)', 'Train_state (vec)',\n",
      "       'Train_iterations (int)', 'Train_iterations_1 (int)',\n",
      "       'Train_iterations_2 (int)', 'Train_iterations_3 (int)',\n",
      "       'Train_cost (flt)', 'Train_shots (int)', 'Train_time (flt)',\n",
      "       'Flags (str)', 'Baren (int)'],\n",
      "      dtype='object') and got Index(['Id (int)', 'Valid (int)', 'Updated (str)', 'Matrix (mat)',\n",
      "       'Size (int)', 'Type (str)', 'Rank (int)', 'Density (flt)',\n",
      "       'Stiffness (flt)', 'Other (flt)', 'Test_solver (str)', 'Test (flt)',\n",
      "       'Test_state (vec)', 'Test_iterations (int)', 'Test_time (flt)',\n",
      "       'Train_solver (str)', 'Preprocessing (str)', 'Postprocessing (str)',\n",
      "       'Train (flt)', 'Train_state (vec)', 'Train_iterations (int)',\n",
      "       'Train_iterations_1 (int)', 'Train_iterations_2 (int)',\n",
      "       'Train_iterations_3 (int)', 'Train_cost (flt)', 'Train_shots (int)',\n",
      "       'Train_time (flt)', 'Flags (str)', 'Baren (int)'],\n",
      "      dtype='object') \n",
      " missmatch: set()\n",
      "No line with id {id} - there is nothing to read\n",
      "{'Id (int)': 1, 'Valid (int)': 1, 'Updated (str)': '2025-08-21 14:20:48', 'Matrix (mat)': array([[-5.23002864e-02, -2.68834818e-02, -3.15316187e-01,\n",
      "         9.78478304e-02,  2.22056556e-02,  1.83760454e-01,\n",
      "        -2.77481519e-01, -4.01682828e-01, -5.85620262e-01,\n",
      "        -4.24839406e-01],\n",
      "       [-2.68834818e-02, -8.77333081e-02,  3.06976163e-02,\n",
      "        -1.04606479e-02, -4.60131456e-02,  2.87504271e-01,\n",
      "         1.58384051e-01,  5.35786945e-02,  2.79204656e-01,\n",
      "         5.79105824e-02],\n",
      "       [-3.15316187e-01,  3.06976163e-02, -2.66715034e-01,\n",
      "         2.94488228e-01,  9.47817798e-03,  5.54751312e-01,\n",
      "        -1.11646929e-01,  1.04110309e-01,  8.61627666e-02,\n",
      "        -1.84939857e-01],\n",
      "       [ 9.78478304e-02, -1.04606479e-02,  2.94488228e-01,\n",
      "        -1.74619894e-01,  1.83422896e-01, -3.25599342e-01,\n",
      "        -5.19229246e-04,  1.81519405e-01, -7.62520100e-02,\n",
      "         1.38071144e-01],\n",
      "       [ 2.22056556e-02, -4.60131456e-02,  9.47817798e-03,\n",
      "         1.83422896e-01, -1.51235505e-02,  1.82021753e-01,\n",
      "         1.56164531e-02, -1.71457666e-03,  4.08737693e-01,\n",
      "        -2.07090599e-02],\n",
      "       [ 1.83760454e-01,  2.87504271e-01,  5.54751312e-01,\n",
      "        -3.25599342e-01,  1.82021753e-01, -3.38598029e-01,\n",
      "         2.75541162e-01,  3.76030841e-01,  2.68079686e-01,\n",
      "         5.94278886e-02],\n",
      "       [-2.77481519e-01,  1.58384051e-01, -1.11646929e-01,\n",
      "        -5.19229246e-04,  1.56164531e-02,  2.75541162e-01,\n",
      "         1.32194084e-01,  8.13508903e-02,  4.92409110e-01,\n",
      "        -1.14930042e-01],\n",
      "       [-4.01682828e-01,  5.35786945e-02,  1.04110309e-01,\n",
      "         1.81519405e-01, -1.71457666e-03,  3.76030841e-01,\n",
      "         8.13508903e-02,  1.73618813e-01, -5.27179703e-03,\n",
      "         3.46097229e-01],\n",
      "       [-5.85620262e-01,  2.79204656e-01,  8.61627666e-02,\n",
      "        -7.62520100e-02,  4.08737693e-01,  2.68079686e-01,\n",
      "         4.92409110e-01, -5.27179703e-03,  4.31533734e-01,\n",
      "        -1.31863066e-01],\n",
      "       [-4.24839406e-01,  5.79105824e-02, -1.84939857e-01,\n",
      "         1.38071144e-01, -2.07090599e-02,  5.94278886e-02,\n",
      "        -1.14930042e-01,  3.46097229e-01, -1.31863066e-01,\n",
      "         2.01047088e-01]]), 'Size (int)': 10, 'Type (str)': 'Stiff', 'Rank (int)': -1, 'Density (flt)': -1.0, 'Stiffness (flt)': 1.0, 'Penalty (flt)': 0, 'Other (flt)': 0, 'Test_solver (str)': 0, 'Test (flt)': 0, 'Test_state (vec)': 0, 'Test_iterations (int)': 0, 'Test_time (flt)': 0, 'Train_solver (str)': 0, 'Preprocessing (str)': 0, 'Postprocessing (str)': 0, 'Train (flt)': 0, 'Train_state (vec)': 0, 'Train_iterations (int)': 0, 'Train_iterations_1 (int)': 0, 'Train_iterations_2 (int)': 0, 'Train_iterations_3 (int)': 0, 'Train_cost (flt)': 0, 'Train_shots (int)': 0, 'Train_time (flt)': 0, 'Flags (str)': 0, 'Baren (int)': 0}\n",
      "Columns in data/stiffness/Stiffness_size_10_stiffs_[1.0, 10.0, 100.0, 1000.0, 10000.0, 100000.0, 1000000.0]_stepsize_0.25_shots_1000.csv are broken. Expected Index(['Id (int)', 'Valid (int)', 'Updated (str)', 'Matrix (mat)',\n",
      "       'Size (int)', 'Type (str)', 'Rank (int)', 'Density (flt)',\n",
      "       'Stiffness (flt)', 'Penalty (flt)', 'Other (flt)', 'Test_solver (str)',\n",
      "       'Test (flt)', 'Test_state (vec)', 'Test_iterations (int)',\n",
      "       'Test_time (flt)', 'Train_solver (str)', 'Preprocessing (str)',\n",
      "       'Postprocessing (str)', 'Train (flt)', 'Train_state (vec)',\n",
      "       'Train_iterations (int)', 'Train_iterations_1 (int)',\n",
      "       'Train_iterations_2 (int)', 'Train_iterations_3 (int)',\n",
      "       'Train_cost (flt)', 'Train_shots (int)', 'Train_time (flt)',\n",
      "       'Flags (str)', 'Baren (int)'],\n",
      "      dtype='object') and got Index(['Id (int)', 'Valid (int)', 'Updated (str)', 'Matrix (mat)',\n",
      "       'Size (int)', 'Type (str)', 'Rank (int)', 'Density (flt)',\n",
      "       'Stiffness (flt)', 'Other (flt)', 'Test_solver (str)', 'Test (flt)',\n",
      "       'Test_state (vec)', 'Test_iterations (int)', 'Test_time (flt)',\n",
      "       'Train_solver (str)', 'Preprocessing (str)', 'Postprocessing (str)',\n",
      "       'Train (flt)', 'Train_state (vec)', 'Train_iterations (int)',\n",
      "       'Train_iterations_1 (int)', 'Train_iterations_2 (int)',\n",
      "       'Train_iterations_3 (int)', 'Train_cost (flt)', 'Train_shots (int)',\n",
      "       'Train_time (flt)', 'Flags (str)', 'Baren (int)'],\n",
      "      dtype='object') \n",
      " missmatch: set()\n",
      "No line with id {id} - there is nothing to read\n",
      "{'Id (int)': 2, 'Valid (int)': 1, 'Updated (str)': '2025-08-21 14:58:06', 'Matrix (mat)': array([[-0.22354487,  0.22485838,  0.12302376, -0.45902711,  0.09906531,\n",
      "        -0.23390187, -0.07986369,  0.22533276, -0.46129939,  0.17012686],\n",
      "       [ 0.22485838, -0.20854463,  0.09745935,  0.03736915,  0.04122405,\n",
      "        -0.01314181,  0.14185642,  0.04749659, -0.04168483,  0.11925896],\n",
      "       [ 0.12302376,  0.09745935, -0.14397138,  0.11714627, -0.10564185,\n",
      "        -0.2739213 ,  0.05245928, -0.27576172, -0.24238033, -0.18050263],\n",
      "       [-0.45902711,  0.03736915,  0.11714627, -0.08447593, -0.10028319,\n",
      "         0.22033097, -0.34112993,  0.0133867 ,  0.02829507, -0.01342765],\n",
      "       [ 0.09906531,  0.04122405, -0.10564185, -0.10028319, -0.05779558,\n",
      "        -0.18882987,  0.15175544, -0.09081244, -0.20093786, -0.20987317],\n",
      "       [-0.23390187, -0.01314181, -0.2739213 ,  0.22033097, -0.18882987,\n",
      "         0.24867639,  0.00119895,  0.34773413, -0.04508241, -0.06499922],\n",
      "       [-0.07986369,  0.14185642,  0.05245928, -0.34112993,  0.15175544,\n",
      "         0.00119895, -0.208306  ,  0.03314451,  0.00357307,  0.11378365],\n",
      "       [ 0.22533276,  0.04749659, -0.27576172,  0.0133867 , -0.09081244,\n",
      "         0.34773413,  0.03314451,  0.28919641,  0.36676899,  0.29686103],\n",
      "       [-0.46129939, -0.04168483, -0.24238033,  0.02829507, -0.20093786,\n",
      "        -0.04508241,  0.00357307,  0.36676899, -0.29436589,  0.01056213],\n",
      "       [ 0.17012686,  0.11925896, -0.18050263, -0.01342765, -0.20987317,\n",
      "        -0.06499922,  0.11378365,  0.29686103,  0.01056213,  0.23064237]]), 'Size (int)': 10, 'Type (str)': 'Stiff', 'Rank (int)': -1, 'Density (flt)': -1.0, 'Stiffness (flt)': 1.0, 'Penalty (flt)': 0, 'Other (flt)': 0, 'Test_solver (str)': 0, 'Test (flt)': 0, 'Test_state (vec)': 0, 'Test_iterations (int)': 0, 'Test_time (flt)': 0, 'Train_solver (str)': 0, 'Preprocessing (str)': 0, 'Postprocessing (str)': 0, 'Train (flt)': 0, 'Train_state (vec)': 0, 'Train_iterations (int)': 0, 'Train_iterations_1 (int)': 0, 'Train_iterations_2 (int)': 0, 'Train_iterations_3 (int)': 0, 'Train_cost (flt)': 0, 'Train_shots (int)': 0, 'Train_time (flt)': 0, 'Flags (str)': 0, 'Baren (int)': 0}\n",
      "Columns in data/stiffness/Stiffness_size_10_stiffs_[1.0, 10.0, 100.0, 1000.0, 10000.0, 100000.0, 1000000.0]_stepsize_0.25_shots_1000.csv are broken. Expected Index(['Id (int)', 'Valid (int)', 'Updated (str)', 'Matrix (mat)',\n",
      "       'Size (int)', 'Type (str)', 'Rank (int)', 'Density (flt)',\n",
      "       'Stiffness (flt)', 'Penalty (flt)', 'Other (flt)', 'Test_solver (str)',\n",
      "       'Test (flt)', 'Test_state (vec)', 'Test_iterations (int)',\n",
      "       'Test_time (flt)', 'Train_solver (str)', 'Preprocessing (str)',\n",
      "       'Postprocessing (str)', 'Train (flt)', 'Train_state (vec)',\n",
      "       'Train_iterations (int)', 'Train_iterations_1 (int)',\n",
      "       'Train_iterations_2 (int)', 'Train_iterations_3 (int)',\n",
      "       'Train_cost (flt)', 'Train_shots (int)', 'Train_time (flt)',\n",
      "       'Flags (str)', 'Baren (int)'],\n",
      "      dtype='object') and got Index(['Id (int)', 'Valid (int)', 'Updated (str)', 'Matrix (mat)',\n",
      "       'Size (int)', 'Type (str)', 'Rank (int)', 'Density (flt)',\n",
      "       'Stiffness (flt)', 'Other (flt)', 'Test_solver (str)', 'Test (flt)',\n",
      "       'Test_state (vec)', 'Test_iterations (int)', 'Test_time (flt)',\n",
      "       'Train_solver (str)', 'Preprocessing (str)', 'Postprocessing (str)',\n",
      "       'Train (flt)', 'Train_state (vec)', 'Train_iterations (int)',\n",
      "       'Train_iterations_1 (int)', 'Train_iterations_2 (int)',\n",
      "       'Train_iterations_3 (int)', 'Train_cost (flt)', 'Train_shots (int)',\n",
      "       'Train_time (flt)', 'Flags (str)', 'Baren (int)'],\n",
      "      dtype='object') \n",
      " missmatch: set()\n",
      "No line with id {id} - there is nothing to read\n",
      "{'Id (int)': 3, 'Valid (int)': 1, 'Updated (str)': '2025-08-21 15:05:26', 'Matrix (mat)': array([[-0.11953842, -0.21393736, -0.07939534, -0.15825765,  0.10663588,\n",
      "         0.26866096, -0.31027343,  0.15157904,  0.07949241, -0.26863913],\n",
      "       [-0.21393736, -0.0018186 , -0.25147287, -0.22717798,  0.1394973 ,\n",
      "         0.08340713,  0.07862746, -0.06191463, -0.10663597,  0.0729287 ],\n",
      "       [-0.07939534, -0.25147287, -0.2470563 , -0.31656176,  0.28368947,\n",
      "         0.36380345, -0.44692938,  0.19894323,  0.14673373, -0.28178477],\n",
      "       [-0.15825765, -0.22717798, -0.31656176, -0.31937298,  0.18376889,\n",
      "         0.3004378 , -0.34010752,  0.09533924,  0.07975023, -0.22858212],\n",
      "       [ 0.10663588,  0.1394973 ,  0.28368947,  0.18376889, -0.04789643,\n",
      "        -0.10515005,  0.07550373, -0.00380411,  0.02543341,  0.08092582],\n",
      "       [ 0.26866096,  0.08340713,  0.36380345,  0.3004378 , -0.10515005,\n",
      "        -0.24635377, -0.02319005,  0.01444303,  0.1251808 ,  0.00229423],\n",
      "       [-0.31027343,  0.07862746, -0.44692938, -0.34010752,  0.07550373,\n",
      "        -0.02319005,  0.34887235, -0.14373525, -0.24377066,  0.28346662],\n",
      "       [ 0.15157904, -0.06191463,  0.19894323,  0.09533924, -0.00380411,\n",
      "         0.01444303, -0.14373525, -0.01360712,  0.11858799, -0.17943811],\n",
      "       [ 0.07949241, -0.10663597,  0.14673373,  0.07975023,  0.02543341,\n",
      "         0.1251808 , -0.24377066,  0.11858799,  0.09166492, -0.23660557],\n",
      "       [-0.26863913,  0.0729287 , -0.28178477, -0.22858212,  0.08092582,\n",
      "         0.00229423,  0.28346662, -0.17943811, -0.23660557,  0.23122254]]), 'Size (int)': 10, 'Type (str)': 'Stiff', 'Rank (int)': -1, 'Density (flt)': -1.0, 'Stiffness (flt)': 1.0, 'Penalty (flt)': 0, 'Other (flt)': 0, 'Test_solver (str)': 0, 'Test (flt)': 0, 'Test_state (vec)': 0, 'Test_iterations (int)': 0, 'Test_time (flt)': 0, 'Train_solver (str)': 0, 'Preprocessing (str)': 0, 'Postprocessing (str)': 0, 'Train (flt)': 0, 'Train_state (vec)': 0, 'Train_iterations (int)': 0, 'Train_iterations_1 (int)': 0, 'Train_iterations_2 (int)': 0, 'Train_iterations_3 (int)': 0, 'Train_cost (flt)': 0, 'Train_shots (int)': 0, 'Train_time (flt)': 0, 'Flags (str)': 0, 'Baren (int)': 0}\n",
      "Columns in data/stiffness/Stiffness_size_10_stiffs_[1.0, 10.0, 100.0, 1000.0, 10000.0, 100000.0, 1000000.0]_stepsize_0.25_shots_1000.csv are broken. Expected Index(['Id (int)', 'Valid (int)', 'Updated (str)', 'Matrix (mat)',\n",
      "       'Size (int)', 'Type (str)', 'Rank (int)', 'Density (flt)',\n",
      "       'Stiffness (flt)', 'Penalty (flt)', 'Other (flt)', 'Test_solver (str)',\n",
      "       'Test (flt)', 'Test_state (vec)', 'Test_iterations (int)',\n",
      "       'Test_time (flt)', 'Train_solver (str)', 'Preprocessing (str)',\n",
      "       'Postprocessing (str)', 'Train (flt)', 'Train_state (vec)',\n",
      "       'Train_iterations (int)', 'Train_iterations_1 (int)',\n",
      "       'Train_iterations_2 (int)', 'Train_iterations_3 (int)',\n",
      "       'Train_cost (flt)', 'Train_shots (int)', 'Train_time (flt)',\n",
      "       'Flags (str)', 'Baren (int)'],\n",
      "      dtype='object') and got Index(['Id (int)', 'Valid (int)', 'Updated (str)', 'Matrix (mat)',\n",
      "       'Size (int)', 'Type (str)', 'Rank (int)', 'Density (flt)',\n",
      "       'Stiffness (flt)', 'Other (flt)', 'Test_solver (str)', 'Test (flt)',\n",
      "       'Test_state (vec)', 'Test_iterations (int)', 'Test_time (flt)',\n",
      "       'Train_solver (str)', 'Preprocessing (str)', 'Postprocessing (str)',\n",
      "       'Train (flt)', 'Train_state (vec)', 'Train_iterations (int)',\n",
      "       'Train_iterations_1 (int)', 'Train_iterations_2 (int)',\n",
      "       'Train_iterations_3 (int)', 'Train_cost (flt)', 'Train_shots (int)',\n",
      "       'Train_time (flt)', 'Flags (str)', 'Baren (int)'],\n",
      "      dtype='object') \n",
      " missmatch: set()\n",
      "No line with id {id} - there is nothing to read\n",
      "{'Id (int)': 4, 'Valid (int)': 1, 'Updated (str)': '2025-08-21 15:08:54', 'Matrix (mat)': array([[-0.09752368,  0.14000075, -0.24492045, -0.15916357, -0.17417211,\n",
      "         0.11496501,  0.07238723, -0.35226473, -0.54434901, -0.0154571 ],\n",
      "       [ 0.14000075, -0.10374326,  0.16179252,  0.02222062, -0.014087  ,\n",
      "        -0.07182502, -0.08049829, -0.10898215, -0.01665833, -0.0210652 ],\n",
      "       [-0.24492045,  0.16179252, -0.41416186, -0.14987991, -0.14007417,\n",
      "         0.08221012,  0.15746838, -0.13697221, -0.52823002, -0.03975133],\n",
      "       [-0.15916357,  0.02222062, -0.14987991,  0.1199999 ,  0.00572253,\n",
      "         0.04789511,  0.22242786,  0.22275718, -0.04434734,  0.05967807],\n",
      "       [-0.17417211, -0.014087  , -0.14007417,  0.00572253, -0.0377141 ,\n",
      "         0.0253971 ,  0.18460175,  0.07249598, -0.11695397,  0.07524344],\n",
      "       [ 0.11496501, -0.07182502,  0.08221012,  0.04789511,  0.0253971 ,\n",
      "        -0.03097667, -0.09010283, -0.07461149,  0.03610316, -0.07036569],\n",
      "       [ 0.07238723, -0.08049829,  0.15746838,  0.22242786,  0.18460175,\n",
      "        -0.09010283,  0.02148921,  0.41141532,  0.42564191,  0.01007729],\n",
      "       [-0.35226473, -0.10898215, -0.13697221,  0.22275718,  0.07249598,\n",
      "        -0.07461149,  0.41141532,  0.83892247,  0.27062293,  0.23616236],\n",
      "       [-0.54434901, -0.01665833, -0.52823002, -0.04434734, -0.11695397,\n",
      "         0.03610316,  0.42564191,  0.27062293, -0.36575584,  0.16995966],\n",
      "       [-0.0154571 , -0.0210652 , -0.03975133,  0.05967807,  0.07524344,\n",
      "        -0.07036569,  0.01007729,  0.23616236,  0.16995966, -0.0051137 ]]), 'Size (int)': 10, 'Type (str)': 'Stiff', 'Rank (int)': -1, 'Density (flt)': -1.0, 'Stiffness (flt)': 1.0, 'Penalty (flt)': 0, 'Other (flt)': 0, 'Test_solver (str)': 0, 'Test (flt)': 0, 'Test_state (vec)': 0, 'Test_iterations (int)': 0, 'Test_time (flt)': 0, 'Train_solver (str)': 0, 'Preprocessing (str)': 0, 'Postprocessing (str)': 0, 'Train (flt)': 0, 'Train_state (vec)': 0, 'Train_iterations (int)': 0, 'Train_iterations_1 (int)': 0, 'Train_iterations_2 (int)': 0, 'Train_iterations_3 (int)': 0, 'Train_cost (flt)': 0, 'Train_shots (int)': 0, 'Train_time (flt)': 0, 'Flags (str)': 0, 'Baren (int)': 0}\n",
      "Columns in data/stiffness/Stiffness_size_10_stiffs_[1.0, 10.0, 100.0, 1000.0, 10000.0, 100000.0, 1000000.0]_stepsize_0.25_shots_1000.csv are broken. Expected Index(['Id (int)', 'Valid (int)', 'Updated (str)', 'Matrix (mat)',\n",
      "       'Size (int)', 'Type (str)', 'Rank (int)', 'Density (flt)',\n",
      "       'Stiffness (flt)', 'Penalty (flt)', 'Other (flt)', 'Test_solver (str)',\n",
      "       'Test (flt)', 'Test_state (vec)', 'Test_iterations (int)',\n",
      "       'Test_time (flt)', 'Train_solver (str)', 'Preprocessing (str)',\n",
      "       'Postprocessing (str)', 'Train (flt)', 'Train_state (vec)',\n",
      "       'Train_iterations (int)', 'Train_iterations_1 (int)',\n",
      "       'Train_iterations_2 (int)', 'Train_iterations_3 (int)',\n",
      "       'Train_cost (flt)', 'Train_shots (int)', 'Train_time (flt)',\n",
      "       'Flags (str)', 'Baren (int)'],\n",
      "      dtype='object') and got Index(['Id (int)', 'Valid (int)', 'Updated (str)', 'Matrix (mat)',\n",
      "       'Size (int)', 'Type (str)', 'Rank (int)', 'Density (flt)',\n",
      "       'Stiffness (flt)', 'Other (flt)', 'Test_solver (str)', 'Test (flt)',\n",
      "       'Test_state (vec)', 'Test_iterations (int)', 'Test_time (flt)',\n",
      "       'Train_solver (str)', 'Preprocessing (str)', 'Postprocessing (str)',\n",
      "       'Train (flt)', 'Train_state (vec)', 'Train_iterations (int)',\n",
      "       'Train_iterations_1 (int)', 'Train_iterations_2 (int)',\n",
      "       'Train_iterations_3 (int)', 'Train_cost (flt)', 'Train_shots (int)',\n",
      "       'Train_time (flt)', 'Flags (str)', 'Baren (int)'],\n",
      "      dtype='object') \n",
      " missmatch: set()\n",
      "No line with id {id} - there is nothing to read\n",
      "{'Id (int)': 5, 'Valid (int)': 1, 'Updated (str)': '2025-08-21 15:25:22', 'Matrix (mat)': array([[ 3.18384543e-01, -1.47528959e-01, -5.75312709e-02,\n",
      "        -8.90663859e-02,  1.50789298e-01,  2.14565026e-01,\n",
      "        -2.18653457e-01,  1.19396350e-01,  1.41194520e-01,\n",
      "        -1.49089536e-01],\n",
      "       [-1.47528959e-01, -9.43429273e-02,  2.50864153e-01,\n",
      "        -1.15841936e-01, -6.09234996e-01,  6.93796297e-02,\n",
      "         3.82912110e-02,  1.96068122e-01, -3.90121175e-02,\n",
      "         1.89315177e-01],\n",
      "       [-5.75312709e-02,  2.50864153e-01,  3.17820778e-01,\n",
      "        -2.42191969e-01, -9.94182385e-02, -7.52916896e-02,\n",
      "         2.31702344e-01,  4.00003054e-01, -1.45568097e-01,\n",
      "        -3.87412666e-02],\n",
      "       [-8.90663859e-02, -1.15841936e-01, -2.42191969e-01,\n",
      "        -6.65493988e-02, -1.70352584e-01,  1.05101716e-01,\n",
      "         9.23483559e-02, -1.83321089e-01,  1.77371508e-01,\n",
      "        -4.15712244e-02],\n",
      "       [ 1.50789298e-01, -6.09234996e-01, -9.94182385e-02,\n",
      "        -1.70352584e-01, -8.40830949e-02,  4.00069647e-01,\n",
      "        -6.61210566e-02,  3.67431370e-02,  2.44506840e-01,\n",
      "        -4.08465482e-02],\n",
      "       [ 2.14565026e-01,  6.93796297e-02, -7.52916896e-02,\n",
      "         1.05101716e-01,  4.00069647e-01, -5.26122638e-02,\n",
      "        -9.10644381e-02, -1.48096826e-01, -1.52190246e-01,\n",
      "         2.70613380e-02],\n",
      "       [-2.18653457e-01,  3.82912110e-02,  2.31702344e-01,\n",
      "         9.23483559e-02, -6.61210566e-02, -9.10644381e-02,\n",
      "         5.47825181e-02,  1.89917026e-01, -2.52524973e-01,\n",
      "        -8.79318465e-02],\n",
      "       [ 1.19396350e-01,  1.96068122e-01,  4.00003054e-01,\n",
      "        -1.83321089e-01,  3.67431370e-02, -1.48096826e-01,\n",
      "         1.89917026e-01,  5.56248360e-04, -2.73965853e-01,\n",
      "         2.56219030e-01],\n",
      "       [ 1.41194520e-01, -3.90121175e-02, -1.45568097e-01,\n",
      "         1.77371508e-01,  2.44506840e-01, -1.52190246e-01,\n",
      "        -2.52524973e-01, -2.73965853e-01,  5.13125037e-02,\n",
      "        -6.59872486e-03],\n",
      "       [-1.49089536e-01,  1.89315177e-01, -3.87412666e-02,\n",
      "        -4.15712244e-02, -4.08465482e-02,  2.70613380e-02,\n",
      "        -8.79318465e-02,  2.56219030e-01, -6.59872486e-03,\n",
      "         2.30809735e-01]]), 'Size (int)': 10, 'Type (str)': 'Stiff', 'Rank (int)': -1, 'Density (flt)': -1.0, 'Stiffness (flt)': 1.0, 'Penalty (flt)': 0, 'Other (flt)': 0, 'Test_solver (str)': 0, 'Test (flt)': 0, 'Test_state (vec)': 0, 'Test_iterations (int)': 0, 'Test_time (flt)': 0, 'Train_solver (str)': 0, 'Preprocessing (str)': 0, 'Postprocessing (str)': 0, 'Train (flt)': 0, 'Train_state (vec)': 0, 'Train_iterations (int)': 0, 'Train_iterations_1 (int)': 0, 'Train_iterations_2 (int)': 0, 'Train_iterations_3 (int)': 0, 'Train_cost (flt)': 0, 'Train_shots (int)': 0, 'Train_time (flt)': 0, 'Flags (str)': 0, 'Baren (int)': 0}\n",
      "Columns in data/stiffness/Stiffness_size_10_stiffs_[1.0, 10.0, 100.0, 1000.0, 10000.0, 100000.0, 1000000.0]_stepsize_0.25_shots_1000.csv are broken. Expected Index(['Id (int)', 'Valid (int)', 'Updated (str)', 'Matrix (mat)',\n",
      "       'Size (int)', 'Type (str)', 'Rank (int)', 'Density (flt)',\n",
      "       'Stiffness (flt)', 'Penalty (flt)', 'Other (flt)', 'Test_solver (str)',\n",
      "       'Test (flt)', 'Test_state (vec)', 'Test_iterations (int)',\n",
      "       'Test_time (flt)', 'Train_solver (str)', 'Preprocessing (str)',\n",
      "       'Postprocessing (str)', 'Train (flt)', 'Train_state (vec)',\n",
      "       'Train_iterations (int)', 'Train_iterations_1 (int)',\n",
      "       'Train_iterations_2 (int)', 'Train_iterations_3 (int)',\n",
      "       'Train_cost (flt)', 'Train_shots (int)', 'Train_time (flt)',\n",
      "       'Flags (str)', 'Baren (int)'],\n",
      "      dtype='object') and got Index(['Id (int)', 'Valid (int)', 'Updated (str)', 'Matrix (mat)',\n",
      "       'Size (int)', 'Type (str)', 'Rank (int)', 'Density (flt)',\n",
      "       'Stiffness (flt)', 'Other (flt)', 'Test_solver (str)', 'Test (flt)',\n",
      "       'Test_state (vec)', 'Test_iterations (int)', 'Test_time (flt)',\n",
      "       'Train_solver (str)', 'Preprocessing (str)', 'Postprocessing (str)',\n",
      "       'Train (flt)', 'Train_state (vec)', 'Train_iterations (int)',\n",
      "       'Train_iterations_1 (int)', 'Train_iterations_2 (int)',\n",
      "       'Train_iterations_3 (int)', 'Train_cost (flt)', 'Train_shots (int)',\n",
      "       'Train_time (flt)', 'Flags (str)', 'Baren (int)'],\n",
      "      dtype='object') \n",
      " missmatch: set()\n",
      "No line with id {id} - there is nothing to read\n",
      "{'Id (int)': 6, 'Valid (int)': 1, 'Updated (str)': '2025-08-21 13:43:51', 'Matrix (mat)': array([[ 0.15582193, -0.20152832, -0.57518679,  0.04866085,  0.03745124,\n",
      "        -0.45890935, -0.02483271,  0.08224561, -0.01057103,  0.18579253],\n",
      "       [-0.20152832, -0.10141432, -0.38993085,  0.19860409, -0.10561279,\n",
      "        -0.0582289 , -0.18387327, -0.11920492,  0.16475434,  0.19175891],\n",
      "       [-0.57518679, -0.38993085,  0.02910357, -0.08211852, -0.00143826,\n",
      "        -0.01285871,  0.21495082, -0.15831972, -0.11511883,  0.40453253],\n",
      "       [ 0.04866085,  0.19860409, -0.08211852,  0.10357082, -0.06066056,\n",
      "        -0.41495966, -0.0322101 , -0.28397734,  0.0605936 ,  0.01997255],\n",
      "       [ 0.03745124, -0.10561279, -0.00143826, -0.06066056,  0.18159021,\n",
      "         0.25815558,  0.27971418, -0.12794066,  0.02188293,  0.38792435],\n",
      "       [-0.45890935, -0.0582289 , -0.01285871, -0.41495966,  0.25815558,\n",
      "         0.60438028,  0.26614018, -0.15838109, -0.36697271,  0.23429048],\n",
      "       [-0.02483271, -0.18387327,  0.21495082, -0.0322101 ,  0.27971418,\n",
      "         0.26614018, -0.0262063 , -0.22650036,  0.11318364, -0.03712895],\n",
      "       [ 0.08224561, -0.11920492, -0.15831972, -0.28397734, -0.12794066,\n",
      "        -0.15838109, -0.22650036,  0.18737315,  0.12919953,  0.10879021],\n",
      "       [-0.01057103,  0.16475434, -0.11511883,  0.0605936 ,  0.02188293,\n",
      "        -0.36697271,  0.11318364,  0.12919953, -0.01691088, -0.08973097],\n",
      "       [ 0.18579253,  0.19175891,  0.40453253,  0.01997255,  0.38792435,\n",
      "         0.23429048, -0.03712895,  0.10879021, -0.08973097, -0.27143962]]), 'Size (int)': 10, 'Type (str)': 'Stiff', 'Rank (int)': -1, 'Density (flt)': -1.0, 'Stiffness (flt)': 1.0, 'Penalty (flt)': 0, 'Other (flt)': 0, 'Test_solver (str)': 0, 'Test (flt)': 0, 'Test_state (vec)': 0, 'Test_iterations (int)': 0, 'Test_time (flt)': 0, 'Train_solver (str)': 0, 'Preprocessing (str)': 0, 'Postprocessing (str)': 0, 'Train (flt)': 0, 'Train_state (vec)': 0, 'Train_iterations (int)': 0, 'Train_iterations_1 (int)': 0, 'Train_iterations_2 (int)': 0, 'Train_iterations_3 (int)': 0, 'Train_cost (flt)': 0, 'Train_shots (int)': 0, 'Train_time (flt)': 0, 'Flags (str)': 0, 'Baren (int)': 0}\n",
      "Columns in data/stiffness/Stiffness_size_10_stiffs_[1.0, 10.0, 100.0, 1000.0, 10000.0, 100000.0, 1000000.0]_stepsize_0.25_shots_1000.csv are broken. Expected Index(['Id (int)', 'Valid (int)', 'Updated (str)', 'Matrix (mat)',\n",
      "       'Size (int)', 'Type (str)', 'Rank (int)', 'Density (flt)',\n",
      "       'Stiffness (flt)', 'Penalty (flt)', 'Other (flt)', 'Test_solver (str)',\n",
      "       'Test (flt)', 'Test_state (vec)', 'Test_iterations (int)',\n",
      "       'Test_time (flt)', 'Train_solver (str)', 'Preprocessing (str)',\n",
      "       'Postprocessing (str)', 'Train (flt)', 'Train_state (vec)',\n",
      "       'Train_iterations (int)', 'Train_iterations_1 (int)',\n",
      "       'Train_iterations_2 (int)', 'Train_iterations_3 (int)',\n",
      "       'Train_cost (flt)', 'Train_shots (int)', 'Train_time (flt)',\n",
      "       'Flags (str)', 'Baren (int)'],\n",
      "      dtype='object') and got Index(['Id (int)', 'Valid (int)', 'Updated (str)', 'Matrix (mat)',\n",
      "       'Size (int)', 'Type (str)', 'Rank (int)', 'Density (flt)',\n",
      "       'Stiffness (flt)', 'Other (flt)', 'Test_solver (str)', 'Test (flt)',\n",
      "       'Test_state (vec)', 'Test_iterations (int)', 'Test_time (flt)',\n",
      "       'Train_solver (str)', 'Preprocessing (str)', 'Postprocessing (str)',\n",
      "       'Train (flt)', 'Train_state (vec)', 'Train_iterations (int)',\n",
      "       'Train_iterations_1 (int)', 'Train_iterations_2 (int)',\n",
      "       'Train_iterations_3 (int)', 'Train_cost (flt)', 'Train_shots (int)',\n",
      "       'Train_time (flt)', 'Flags (str)', 'Baren (int)'],\n",
      "      dtype='object') \n",
      " missmatch: set()\n",
      "No line with id {id} - there is nothing to read\n",
      "{'Id (int)': 7, 'Valid (int)': 1, 'Updated (str)': '2025-08-21 14:01:01', 'Matrix (mat)': array([[-0.04536105,  0.19061063,  0.07827796, -0.16484559,  0.04951918,\n",
      "         0.09759772, -0.01862965,  0.17521424, -0.10150447,  0.02386909],\n",
      "       [ 0.19061063,  0.14422785, -0.07687091, -0.23042904,  0.14594319,\n",
      "        -0.06292728, -0.2936022 ,  0.29899449, -0.04784289, -0.0437377 ],\n",
      "       [ 0.07827796, -0.07687091, -0.07524781,  0.17367784, -0.11949062,\n",
      "        -0.28267386,  0.13244438, -0.09761608,  0.0110381 , -0.2092275 ],\n",
      "       [-0.16484559, -0.23042904,  0.17367784, -0.28133495, -0.07794098,\n",
      "         0.35599457,  0.1722193 , -0.39979807, -0.09280589,  0.46869588],\n",
      "       [ 0.04951918,  0.14594319, -0.11949062, -0.07794098,  0.14564534,\n",
      "         0.02876907, -0.17605804,  0.33340927,  0.02141899, -0.30751838],\n",
      "       [ 0.09759772, -0.06292728, -0.28267386,  0.35599457,  0.02876907,\n",
      "        -0.30609194, -0.14063979,  0.42796867, -0.1368384 , -0.30415093],\n",
      "       [-0.01862965, -0.2936022 ,  0.13244438,  0.1722193 , -0.17605804,\n",
      "        -0.14063979,  0.13751358, -0.31115738, -0.18515526, -0.08724469],\n",
