{
 "cells": [
  {
   "cell_type": "code",
   "execution_count": 1,
   "id": "697e71d9",
   "metadata": {},
   "outputs": [],
   "source": [
    "from logger import Logger\n",
    "from preparator import Preparator \n",
    "from solver import Solver \n",
    "import pandas as pd \n",
    "from tqdm import tqdm \n",
    "from datetime import datetime\n",
    "\n",
    "import pennylane as qml \n",
    "from pennylane import numpy as np\n",
    "testdev = qml.device('default.qubit', wires = 1)"
   ]
  },
  {
   "cell_type": "code",
   "execution_count": 2,
   "id": "1fc43516",
   "metadata": {},
   "outputs": [],
   "source": [
    "size = 10\n",
    "matrix_number = 50\n",
    "source_name = 'Traininig_size_{size}.csv'\n",
    "\n",
    "template = pd.read_csv('data/template.csv')"
   ]
  },
  {
   "cell_type": "code",
   "execution_count": 3,
   "id": "68b10fe7",
   "metadata": {},
   "outputs": [],
   "source": [
    "# Prepare train datasets\n",
    "log = Logger (log_template = template, log_path = f'data/train/{source_name.format(size = size)}')\n",
    "exists = log.create_logfile()"
   ]
  },
  {
   "cell_type": "code",
   "execution_count": 4,
   "id": "fbc70c37",
   "metadata": {},
   "outputs": [
    {
     "name": "stderr",
     "output_type": "stream",
     "text": [
      "Generating random matrices with size 10:  36%|███▌      | 18/50 [00:00<00:00, 55.83it/s]"
     ]
    },
    {
     "name": "stderr",
     "output_type": "stream",
     "text": [
      "Generating random matrices with size 10: 100%|██████████| 50/50 [00:01<00:00, 30.79it/s]\n"
     ]
    }
   ],
   "source": [
    "log_file, id = log._load_logfile()\n",
    "\n",
    "prep = Preparator()\n",
    "\n",
    "for i in tqdm(range(matrix_number), desc = f\"Generating random matrices with size {size}\"):\n",
    "    \n",
    "    id += 1\n",
    "    matrix = prep.rankPreparator(size = size, rank = size)\n",
    "    current_datetime = datetime.now()\n",
    "    data = { \n",
    "        'Id (int)' : id, \n",
    "        'Valid (int)' : 1, \n",
    "        'Updated (str)' : current_datetime.strftime(\"%Y-%m-%d %H:%M:%S\"),\n",
    "        'Matrix (mat)' : matrix,\n",
    "        'Size (int)' : size,\n",
    "        'Type (str)' : 'Random',\n",
    "        'Rank (int)' : size,\n",
    "        'Density (flt)' : -1.0,\n",
    "        'Stiffness (flt)' : -1.0,\n",
    "        'Other (flt)' : -1.0,\n",
    "        'Test_solver (str)' : '-',\n",
    "        'Test (flt)' : -1.0,\n",
    "        'Test_state (vec)' : [],\n",
    "        'Test_iterations (int)' : -1,\n",
    "        'Test_time (flt)' : -1.0,\n",
    "        'Train_solver (str)' : '-',\n",
    "        'Preprocessing (str)' : '-',\n",
    "        'Postprocessing (str)' : '-',\n",
    "        'Train (flt)' : -1.0,\n",
    "        'Train_state (vec)' : [],\n",
    "        'Train_iterations_1 (int)' : -1,\n",
    "        'Train_iterations_2 (int)' : -1,\n",
    "        'Train_iterations_3 (int)' : -1,\n",
    "        'Train_shots (int)': -1, \n",
    "        'Train_cost (flt)' : -1.0,\n",
    "        'Train_time (flt)' : -1.0, \n",
    "        'Flags (str)' : ''\n",
    "    }\n",
    "    \n",
    "    log.log(data)\n",
    "\n"
   ]
  },
  {
   "cell_type": "code",
   "execution_count": 5,
   "id": "614aaa60",
   "metadata": {},
   "outputs": [],
   "source": [
    "\n",
    "def test (ids : np.ndarray, solver : str = 'bruteforce', log_data : bool = False, progressbar : bool = False ):\n",
    "\n",
    "    ''' \n",
    "    ids : np.ndarray \n",
    "        a list of ids to compute \n",
    "    solver : str \n",
    "        solver to compute with \n",
    "    ''' \n",
    "    \n",
    "    tester = Solver(dev = testdev, ansatz = '')\n",
    "\n",
    "    if (progressbar):\n",
    "        id_range = tqdm(ids, desc = f\"Testing matrices with ids {min(ids)} <--> {max(ids)}\") \n",
    "    else: \n",
    "        id_range = ids\n",
    "    processed_data = []\n",
    "    for id in id_range:\n",
    "\n",
    "        data = log.read(id)\n",
    "\n",
    "        \n",
    "        def test_solver(Q : np.ndarray, solver : str = 'bruteforce'): \n",
    "            ''' \n",
    "            tester wrapped\n",
    "            '''\n",
    "\n",
    "            match solver: \n",
    "                case 'bruteforce':\n",
    "                    J, h = prep.isingForm(Q)\n",
    "                    return tester.checkIsing(J, h)\n",
    "                case 'GW':\n",
    "                    pass\n",
    "                case 'Annealing': \n",
    "                    pass\n",
    "            \n",
    "        Q = data['Matrix (mat)']\n",
    "\n",
    "        tested_data = data.copy()\n",
    "        \n",
    "        test, test_state, test_time = test_solver(Q)\n",
    "        current_datetime = datetime.now()\n",
    "\n",
    "        tested_data['Test (flt)'] = test \n",
    "        tested_data['Test_state (vec)'] = test_state[0].numpy()\n",
    "        tested_data['Test_time (flt)'] = test_time\n",
    "        tested_data['Test_solver (flt)'] = solver\n",
    "        tested_data['Updated (str)'] = current_datetime.strftime(\"%Y-%m-%d %H:%M:%S\")\n",
    "\n",
    "        processed_data.append(tested_data)\n",
    "\n",
    "        if (log_data): \n",
    "            log.log(tested_data, byid = True, Id = id)\n",
    "    return processed_data"
   ]
  },
  {
   "cell_type": "code",
   "execution_count": 6,
   "id": "0e8ae993",
   "metadata": {},
   "outputs": [],
   "source": [
    "\n",
    "ids = range (1,51)\n",
    "number_of_solvers = 10\n",
    "poolsize = len(ids)//number_of_solvers"
   ]
  },
  {
   "cell_type": "code",
   "execution_count": 7,
   "id": "c54aee71",
   "metadata": {},
   "outputs": [
    {
     "data": {
      "text/plain": [
       "tensor([[ 1,  2,  3,  4,  5],\n",
       "        [ 6,  7,  8,  9, 10],\n",
       "        [11, 12, 13, 14, 15],\n",
       "        [16, 17, 18, 19, 20],\n",
       "        [21, 22, 23, 24, 25],\n",
       "        [26, 27, 28, 29, 30],\n",
       "        [31, 32, 33, 34, 35],\n",
       "        [36, 37, 38, 39, 40],\n",
       "        [41, 42, 43, 44, 45],\n",
       "        [46, 47, 48, 49, 50]], requires_grad=True)"
      ]
     },
     "metadata": {},
     "output_type": "display_data"
    }
   ],
   "source": [
    "\n",
    "from multiprocessing import Pool\n",
    "from functools import partial\n",
    "\n",
    "if (__name__ == '__main__') and (len(ids) % poolsize == 0): \n",
    "    \n",
    "    solvers = [] \n",
    "\n",
    "    ids = np.array(ids) \n",
    "    index = 0\n",
    "    pool_ids = ids.reshape(len(ids) // poolsize, poolsize)\n",
    "    display(pool_ids)\n",
    "\n",
    "    args = []\n",
    "    for i in range (len(pool_ids)):\n",
    "        if (size > 11):\n",
    "            args.append((pool_ids[i], 'GW'))\n",
    "        else: \n",
    "            args.append((pool_ids[i], 'bruteforce'))\n",
    "    #print(args)\n",
    "    with Pool(number_of_solvers) as pool:\n",
    "        processed_data = pool.starmap(test, args)\n",
    "\n",
    "\n",
    "for i in range(number_of_solvers):\n",
    "    for data in processed_data[i]:\n",
    "        log.log(data = data, byid = True, Id = data['Id (int)'])\n",
    "\n",
    "# If the error occured you still can try to get processed_data \n"
   ]
  },
  {
   "cell_type": "code",
   "execution_count": 8,
   "id": "1427a949",
   "metadata": {},
   "outputs": [
    {
     "data": {
      "text/plain": [
       "[[{'Id (int)': 1,\n",
       "   'Valid (int)': 1,\n",
       "   'Updated (str)': '2025-08-20 17:43:29',\n",
       "   'Matrix (mat)': array([[ 0.1759589 , -0.05986243,  0.15619587, -0.20446538, -0.17612252,\n",
       "            0.00749069, -0.03662951,  0.28730247,  0.05681903,  0.10323369],\n",
       "          [-0.05986243, -0.02150627, -0.12476013, -0.09734574, -0.1371941 ,\n",
       "           -0.05410635, -0.0918655 , -0.04404508, -0.033297  , -0.0695647 ],\n",
       "          [ 0.15619587, -0.12476013,  0.01812002, -0.46689733, -0.49337011,\n",
       "           -0.08267553, -0.21278288,  0.34821331,  0.02542184,  0.03228501],\n",
       "          [-0.20446538, -0.09734574, -0.46689733, -0.42924772, -0.58238771,\n",
       "           -0.21552422, -0.37274405, -0.11973918, -0.12147453, -0.25685302],\n",
       "          [-0.17612252, -0.1371941 , -0.49337011, -0.58238771, -0.75348159,\n",
       "           -0.25212654, -0.45466187, -0.0344236 , -0.12213057, -0.26551693],\n",
       "          [ 0.00749069, -0.05410635, -0.08267553, -0.21552422, -0.25212654,\n",
       "           -0.06321604, -0.12954467,  0.0783582 , -0.0139262 , -0.03766641],\n",
       "          [-0.03662951, -0.0918655 , -0.21278288, -0.37274405, -0.45466187,\n",
       "           -0.12954467, -0.25127024,  0.07282254, -0.04531932, -0.10746174],\n",
       "          [ 0.28730247, -0.04404508,  0.34821331, -0.11973918, -0.0344236 ,\n",
       "            0.0783582 ,  0.07282254,  0.40123568,  0.10964342,  0.21264528],\n",
       "          [ 0.05681903, -0.033297  ,  0.02542184, -0.12147453, -0.12213057,\n",
       "           -0.0139262 , -0.04531932,  0.10964342,  0.01423959,  0.02213319],\n",
       "          [ 0.10323369, -0.0695647 ,  0.03228501, -0.25685302, -0.26551693,\n",
       "           -0.03766641, -0.10746174,  0.21264528,  0.02213319,  0.03203352]]),\n",
       "   'Size (int)': 10,\n",
       "   'Type (str)': 'Random',\n",
       "   'Rank (int)': 10,\n",
       "   'Density (flt)': -1.0,\n",
       "   'Stiffness (flt)': -1.0,\n",
       "   'Other (flt)': -1.0,\n",
       "   'Test_solver (str)': '-',\n",
       "   'Test (flt)': tensor(-4.33361897, requires_grad=True),\n",
       "   'Test_state (vec)': array([ 1,  1,  1,  1,  1,  1,  1, -1,  1,  1]),\n",
       "   'Test_iterations (int)': -1,\n",
       "   'Test_time (flt)': 0.216843843460083,\n",
       "   'Train_solver (str)': '-',\n",
       "   'Preprocessing (str)': '-',\n",
       "   'Postprocessing (str)': '-',\n",
       "   'Train (flt)': -1.0,\n",
       "   'Train_state (vec)': 0,\n",
       "   'Train_iterations_1 (int)': -1,\n",
       "   'Train_iterations_2 (int)': -1,\n",
       "   'Train_iterations_3 (int)': -1,\n",
       "   'Train_cost (flt)': -1.0,\n",
       "   'Train_shots (int)': -1,\n",
       "   'Train_time (flt)': -1.0,\n",
       "   'Flags (str)': nan,\n",
       "   'Test_solver (flt)': 'bruteforce'},\n",
       "  {'Id (int)': 2,\n",
       "   'Valid (int)': 1,\n",
       "   'Updated (str)': '2025-08-20 17:43:29',\n",
       "   'Matrix (mat)': array([[-0.06543385, -0.11019353, -0.05452177, -0.10897851, -0.02789014,\n",
       "           -0.10799919, -0.06843073, -0.11201243, -0.35256889, -0.05705081],\n",
       "          [-0.11019353, -0.18107255, -0.09477181, -0.14130174, -0.0385565 ,\n",
       "           -0.16733098, -0.09851678, -0.15819133, -0.50153118, -0.08939267],\n",
       "          [-0.05452177, -0.09477181, -0.04345072, -0.11879404, -0.02886617,\n",
       "           -0.09959208, -0.06808922, -0.11351989, -0.35487573, -0.05197204],\n",
       "          [-0.10897851, -0.14130174, -0.11879404,  0.21304755,  0.03290925,\n",
       "           -0.04421267,  0.04220016,  0.09886185,  0.27453556, -0.03208275],\n",
       "          [-0.02789014, -0.0385565 , -0.02886617,  0.03290925,  0.00424512,\n",
       "           -0.01880523,  0.00233373,  0.0097871 ,  0.0231131 , -0.01162946],\n",
       "          [-0.10799919, -0.16733098, -0.09959208, -0.04421267, -0.01880523,\n",
       "           -0.13156695, -0.05923743, -0.086748  , -0.28560326, -0.07249996],\n",
       "          [-0.06843073, -0.09851678, -0.06808922,  0.04220016,  0.00233373,\n",
       "           -0.05923743, -0.00966982, -0.00401025, -0.02752228, -0.03466793],\n",
       "          [-0.11201243, -0.15819133, -0.11351989,  0.09886185,  0.0097871 ,\n",
       "           -0.086748  , -0.00401025,  0.01483076,  0.01997863, -0.05206308],\n",
       "          [-0.35256889, -0.50153118, -0.35487573,  0.27453556,  0.0231131 ,\n",
       "           -0.28560326, -0.02752228,  0.01997863, -0.01748659, -0.16983697],\n",
       "          [-0.05705081, -0.08939267, -0.05197204, -0.03208275, -0.01162946,\n",
       "           -0.07249996, -0.03466793, -0.05206308, -0.16983697, -0.03964799]]),\n",
       "   'Size (int)': 10,\n",
       "   'Type (str)': 'Random',\n",
       "   'Rank (int)': 10,\n",
       "   'Density (flt)': -1.0,\n",
       "   'Stiffness (flt)': -1.0,\n",
       "   'Other (flt)': -1.0,\n",
       "   'Test_solver (str)': '-',\n",
       "   'Test (flt)': tensor(-2.81382317, requires_grad=True),\n",
       "   'Test_state (vec)': array([ 1,  1,  1, -1,  1,  1,  1,  1,  1,  1]),\n",
       "   'Test_iterations (int)': -1,\n",
       "   'Test_time (flt)': 0.21642851829528809,\n",
       "   'Train_solver (str)': '-',\n",
       "   'Preprocessing (str)': '-',\n",
       "   'Postprocessing (str)': '-',\n",
       "   'Train (flt)': -1.0,\n",
       "   'Train_state (vec)': 0,\n",
       "   'Train_iterations_1 (int)': -1,\n",
       "   'Train_iterations_2 (int)': -1,\n",
       "   'Train_iterations_3 (int)': -1,\n",
       "   'Train_cost (flt)': -1.0,\n",
       "   'Train_shots (int)': -1,\n",
       "   'Train_time (flt)': -1.0,\n",
       "   'Flags (str)': nan,\n",
       "   'Test_solver (flt)': 'bruteforce'},\n",
       "  {'Id (int)': 3,\n",
       "   'Valid (int)': 1,\n",
       "   'Updated (str)': '2025-08-20 17:43:29',\n",
       "   'Matrix (mat)': array([[ 0.06005818,  0.05639107, -0.02820711, -0.01716593,  0.07215485,\n",
       "            0.14417018,  0.07135023,  0.1461971 ,  0.07161068,  0.00338176],\n",
       "          [ 0.05639107, -0.21391846, -0.24332575, -0.37876193,  0.04576563,\n",
       "           -0.23534751,  0.05038883,  0.11419372, -0.23822624, -0.17278491],\n",
       "          [-0.02820711, -0.24332575, -0.16066159, -0.28605241, -0.05536247,\n",
       "           -0.36326876, -0.04797465, -0.09061684, -0.27790109, -0.14329402],\n",
       "          [-0.01716593, -0.37876193, -0.28605241, -0.48772498, -0.05298487,\n",
       "           -0.54124509, -0.04379698, -0.07551729, -0.43145186, -0.23868296],\n",
       "          [ 0.07215485,  0.04576563, -0.05536247, -0.05298487,  0.08715701,\n",
       "            0.1352261 ,  0.08471371,  0.17521704,  0.06220862, -0.01127776],\n",
       "          [ 0.14417018, -0.23534751, -0.36326876, -0.54124509,  0.1352261 ,\n",
       "           -0.15433823,  0.14775549,  0.31298025, -0.2424078 , -0.23172204],\n",
       "          [ 0.07135023,  0.05038883, -0.04797465, -0.04379698,  0.08471371,\n",
       "            0.14775549,  0.08432863,  0.17296268,  0.0701152 , -0.00592983],\n",
       "          [ 0.1461971 ,  0.11419372, -0.09061684, -0.07551729,  0.17521704,\n",
       "            0.31298025,  0.17296268,  0.35499093,  0.15218704, -0.00696022],\n",
       "          [ 0.07161068, -0.23822624, -0.27790109, -0.43145186,  0.06220862,\n",
       "           -0.2424078 ,  0.0701152 ,  0.15218704, -0.26124916, -0.19395163],\n",
       "          [ 0.00338176, -0.17278491, -0.14329402, -0.23868296, -0.01127776,\n",
       "           -0.23172204, -0.00592983, -0.00696022, -0.19395163, -0.11403267]]),\n",
       "   'Size (int)': 10,\n",
       "   'Type (str)': 'Random',\n",
       "   'Rank (int)': 10,\n",
       "   'Density (flt)': -1.0,\n",
       "   'Stiffness (flt)': -1.0,\n",
       "   'Other (flt)': -1.0,\n",
       "   'Test_solver (str)': '-',\n",
       "   'Test (flt)': tensor(-4.07172703, requires_grad=True),\n",
       "   'Test_state (vec)': array([-1,  1,  1,  1, -1,  1, -1, -1,  1,  1]),\n",
       "   'Test_iterations (int)': -1,\n",
       "   'Test_time (flt)': 0.21757936477661133,\n",
       "   'Train_solver (str)': '-',\n",
       "   'Preprocessing (str)': '-',\n",
       "   'Postprocessing (str)': '-',\n",
       "   'Train (flt)': -1.0,\n",
       "   'Train_state (vec)': 0,\n",
       "   'Train_iterations_1 (int)': -1,\n",
       "   'Train_iterations_2 (int)': -1,\n",
       "   'Train_iterations_3 (int)': -1,\n",
       "   'Train_cost (flt)': -1.0,\n",
       "   'Train_shots (int)': -1,\n",
       "   'Train_time (flt)': -1.0,\n",
       "   'Flags (str)': nan,\n",
       "   'Test_solver (flt)': 'bruteforce'},\n",
       "  {'Id (int)': 4,\n",
       "   'Valid (int)': 1,\n",
       "   'Updated (str)': '2025-08-20 17:43:30',\n",
       "   'Matrix (mat)': array([[-0.15092639, -0.48949647, -0.42504258, -0.37881381, -0.45609979,\n",
       "           -0.15293959, -0.29915028, -0.19274326, -0.27191631, -0.43344464],\n",
       "          [-0.48949647,  0.13761489,  0.28536532, -0.1133973 , -0.04979662,\n",
       "           -0.19090418, -0.02713901,  0.085161  ,  0.16478351,  0.02354723],\n",
       "          [-0.42504258,  0.28536532,  0.40799583,  0.0088955 ,  0.09379634,\n",
       "           -0.13703544,  0.06731673,  0.14209406,  0.24381434,  0.15831207],\n",
       "          [-0.37881381, -0.1133973 ,  0.0088955 , -0.23016809, -0.22069397,\n",
       "           -0.18639687, -0.14198374, -0.02472554, -0.0063557 , -0.16404972],\n",
       "          [-0.45609979, -0.04979662,  0.09379634, -0.22069397, -0.19375474,\n",
       "           -0.20913932, -0.12293235,  0.00595736,  0.04491932, -0.12568578],\n",
       "          [-0.15293959, -0.19090418, -0.13703544, -0.18639687, -0.20913932,\n",
       "           -0.10161161, -0.13586484, -0.06866683, -0.09045608, -0.18692686],\n",
       "          [-0.29915028, -0.02713901,  0.06731673, -0.14198374, -0.12293235,\n",
       "           -0.13586484, -0.07847219,  0.00587092,  0.03239592, -0.07822929],\n",
       "          [-0.19274326,  0.085161  ,  0.14209406, -0.02472554,  0.00595736,\n",
       "           -0.06866683,  0.00587092,  0.04665536,  0.08366819,  0.03451875],\n",
       "          [-0.27191631,  0.16478351,  0.24381434, -0.0063557 ,  0.04491932,\n",
       "           -0.09045608,  0.03239592,  0.08366819,  0.1442768 ,  0.08600281],\n",
       "          [-0.43344464,  0.02354723,  0.15831207, -0.16404972, -0.12568578,\n",
       "           -0.18692686, -0.07822929,  0.03451875,  0.08600281, -0.06002314]]),\n",
       "   'Size (int)': 10,\n",
       "   'Type (str)': 'Random',\n",
       "   'Rank (int)': 10,\n",
       "   'Density (flt)': -1.0,\n",
       "   'Stiffness (flt)': -1.0,\n",
       "   'Other (flt)': -1.0,\n",
       "   'Test_solver (str)': '-',\n",
       "   'Test (flt)': tensor(-3.63650275, requires_grad=True),\n",
       "   'Test_state (vec)': array([ 1,  1, -1,  1,  1,  1,  1,  1, -1,  1]),\n",
       "   'Test_iterations (int)': -1,\n",
       "   'Test_time (flt)': 0.21725034713745117,\n",
       "   'Train_solver (str)': '-',\n",
       "   'Preprocessing (str)': '-',\n",
       "   'Postprocessing (str)': '-',\n",
       "   'Train (flt)': -1.0,\n",
       "   'Train_state (vec)': 0,\n",
       "   'Train_iterations_1 (int)': -1,\n",
       "   'Train_iterations_2 (int)': -1,\n",
       "   'Train_iterations_3 (int)': -1,\n",
       "   'Train_cost (flt)': -1.0,\n",
       "   'Train_shots (int)': -1,\n",
       "   'Train_time (flt)': -1.0,\n",
       "   'Flags (str)': nan,\n",
       "   'Test_solver (flt)': 'bruteforce'},\n",
       "  {'Id (int)': 5,\n",
       "   'Valid (int)': 1,\n",
       "   'Updated (str)': '2025-08-20 17:43:30',\n",
       "   'Matrix (mat)': array([[-0.20338903, -0.21345036, -0.08116372, -0.18785864, -0.54019007,\n",
       "           -0.21388266, -0.29339368, -0.32572006, -0.26502345, -0.36538518],\n",
       "          [-0.21345036, -0.16356199, -0.01456094, -0.10241246, -0.32666361,\n",
       "           -0.14281265, -0.21244628, -0.18922915, -0.22724197, -0.21897689],\n",
       "          [-0.08116372, -0.01456094,  0.06433656,  0.05604103,  0.1043827 ,\n",
       "            0.02260871,  0.01526126,  0.07665508, -0.05029031,  0.07338139],\n",
       "          [-0.18785864, -0.10241246,  0.05604103, -0.00141076, -0.07562229,\n",
       "           -0.05223345, -0.10055296, -0.02756523, -0.16994911, -0.04766741],\n",
       "          [-0.54019007, -0.32666361,  0.1043827 , -0.07562229, -0.38767647,\n",
       "           -0.2083485 , -0.35688521, -0.19106548, -0.51198974, -0.25426663],\n",
       "          [-0.21388266, -0.14281265,  0.02260871, -0.05223345, -0.2083485 ,\n",
       "           -0.096697  , -0.15668568, -0.10925376, -0.2171882 , -0.14056958],\n",
       "          [-0.29339368, -0.21244628,  0.01526126, -0.10055296, -0.35688521,\n",
       "           -0.15668568, -0.25548229, -0.19857604, -0.30747807, -0.23653466],\n",
       "          [-0.32572006, -0.18922915,  0.07665508, -0.02756523, -0.19106548,\n",
       "           -0.10925376, -0.19857604, -0.08879279, -0.30235682, -0.12205214],\n",
       "          [-0.26502345, -0.22724197, -0.05029031, -0.16994911, -0.51198974,\n",
       "           -0.2171882 , -0.30747807, -0.30235682, -0.30012592, -0.3470112 ],\n",
       "          [-0.36538518, -0.21897689,  0.07338139, -0.04766741, -0.25426663,\n",
       "           -0.14056958, -0.23653466, -0.12205214, -0.3470112 , -0.1676538 ]]),\n",
       "   'Size (int)': 10,\n",
       "   'Type (str)': 'Random',\n",
       "   'Rank (int)': 10,\n",
       "   'Density (flt)': -1.0,\n",
       "   'Stiffness (flt)': -1.0,\n",
       "   'Other (flt)': -1.0,\n",
       "   'Test_solver (str)': '-',\n",
       "   'Test (flt)': tensor(-6.45176489, requires_grad=True),\n",
       "   'Test_state (vec)': array([ 1,  1, -1,  1,  1,  1,  1,  1,  1,  1]),\n",
       "   'Test_iterations (int)': -1,\n",
       "   'Test_time (flt)': 0.21615099906921387,\n",
       "   'Train_solver (str)': '-',\n",
       "   'Preprocessing (str)': '-',\n",
       "   'Postprocessing (str)': '-',\n",
       "   'Train (flt)': -1.0,\n",
       "   'Train_state (vec)': 0,\n",
       "   'Train_iterations_1 (int)': -1,\n",
       "   'Train_iterations_2 (int)': -1,\n",
       "   'Train_iterations_3 (int)': -1,\n",
       "   'Train_cost (flt)': -1.0,\n",
       "   'Train_shots (int)': -1,\n",
       "   'Train_time (flt)': -1.0,\n",
       "   'Flags (str)': nan,\n",
       "   'Test_solver (flt)': 'bruteforce'}],\n",
       " [{'Id (int)': 6,\n",
       "   'Valid (int)': 1,\n",
       "   'Updated (str)': '2025-08-20 17:43:29',\n",
       "   'Matrix (mat)': array([[-0.04214551,  0.03202568, -0.02304021, -0.16980346,  0.06160234,\n",
       "            0.03654398, -0.02044017,  0.06671834,  0.07950854, -0.08369098],\n",
       "          [ 0.03202568,  0.09644801,  0.12095735, -0.14745645,  0.08536711,\n",
       "            0.09028894,  0.02052077,  0.09005193,  0.10886494,  0.13592142],\n",
       "          [-0.02304021,  0.12095735,  0.07602539, -0.32953457,  0.14689385,\n",
       "            0.12109965, -0.00684351,  0.15701656,  0.18837157,  0.01627853],\n",
       "          [-0.16980346, -0.14745645, -0.32953457, -0.05268964, -0.05390375,\n",
       "           -0.12263459, -0.09383877, -0.05323451, -0.06640239, -0.50323405],\n",
       "          [ 0.06160234,  0.08536711,  0.14689385, -0.05390375,  0.0545476 ,\n",
       "            0.07574413,  0.03546618,  0.05643889,  0.06871079,  0.20170107],\n",
       "          [ 0.03654398,  0.09028894,  0.12109965, -0.12263459,  0.07574413,\n",
       "            0.08369182,  0.02269307,  0.07966079,  0.09624929,  0.14341084],\n",
       "          [-0.02044017,  0.02052077, -0.00684351, -0.09383877,  0.03546618,\n",
       "            0.02269307, -0.00971501,  0.03823894,  0.04554981, -0.03764728],\n",
       "          [ 0.06671834,  0.09005193,  0.15701656, -0.05323451,  0.05643889,\n",
       "            0.07966079,  0.03823894,  0.05837874,  0.07132667,  0.21691551],\n",
       "          [ 0.07950854,  0.10886494,  0.18837157, -0.06640239,  0.06871079,\n",
       "            0.09624929,  0.04554981,  0.07132667,  0.08691748,  0.25951264],\n",
       "          [-0.08369098,  0.13592142,  0.01627853, -0.50323405,  0.20170107,\n",
       "            0.14341084, -0.03764728,  0.21691551,  0.25951264, -0.1230269 ]]),\n",
       "   'Size (int)': 10,\n",
       "   'Type (str)': 'Random',\n",
       "   'Rank (int)': 10,\n",
       "   'Density (flt)': -1.0,\n",
       "   'Stiffness (flt)': -1.0,\n",
       "   'Other (flt)': -1.0,\n",
       "   'Test_solver (str)': '-',\n",
       "   'Test (flt)': tensor(-1.69916465, requires_grad=True),\n",
       "   'Test_state (vec)': array([ 1, -1,  1,  1, -1, -1,  1, -1, -1,  1]),\n",
       "   'Test_iterations (int)': -1,\n",
       "   'Test_time (flt)': 0.21758651733398438,\n",
       "   'Train_solver (str)': '-',\n",
       "   'Preprocessing (str)': '-',\n",
       "   'Postprocessing (str)': '-',\n",
       "   'Train (flt)': -1.0,\n",
       "   'Train_state (vec)': 0,\n",
       "   'Train_iterations_1 (int)': -1,\n",
       "   'Train_iterations_2 (int)': -1,\n",
       "   'Train_iterations_3 (int)': -1,\n",
       "   'Train_cost (flt)': -1.0,\n",
       "   'Train_shots (int)': -1,\n",
       "   'Train_time (flt)': -1.0,\n",
       "   'Flags (str)': nan,\n",
       "   'Test_solver (flt)': 'bruteforce'},\n",
       "  {'Id (int)': 7,\n",
       "   'Valid (int)': 1,\n",
       "   'Updated (str)': '2025-08-20 17:43:29',\n",
       "   'Matrix (mat)': array([[-3.84843460e-01, -1.92474672e-01,  2.03776927e-02,\n",
       "           -5.33139270e-01, -1.15571067e-01, -4.68067882e-01,\n",
       "           -8.46088546e-02, -4.94439665e-02, -4.51043161e-01,\n",
       "           -3.17917485e-01],\n",
       "          [-1.92474672e-01, -3.53277987e-03,  8.24639854e-02,\n",
       "           -3.86387697e-02, -2.33267674e-03, -1.29547546e-01,\n",
       "            8.06144914e-02, -3.33357837e-02, -1.73201953e-01,\n",
       "           -9.73209638e-02],\n",
       "          [ 2.03776927e-02,  8.24639854e-02,  7.04456703e-02,\n",
       "            2.14903468e-01,  5.60792610e-02,  1.06742308e-01,\n",
       "            1.15481449e-01, -2.75295579e-04,  7.17092347e-02,\n",
       "            5.26314871e-02],\n",
       "          [-5.33139270e-01, -3.86387697e-02,  2.14903468e-01,\n",
       "           -1.75500164e-01, -1.92291433e-02, -3.92555832e-01,\n",
       "            1.92330054e-01, -8.69649904e-02, -4.94841634e-01,\n",
       "           -2.96880128e-01],\n",
       "          [-1.15571067e-01, -2.33267674e-03,  5.60792610e-02,\n",
       "           -1.92291433e-02,  1.31154810e-03, -7.76734741e-02,\n",
       "            5.52764841e-02, -1.84853494e-02, -1.00805665e-01,\n",
       "           -6.37504214e-02],\n",
       "          [-4.68067882e-01, -1.29547546e-01,  1.06742308e-01,\n",
       "           -3.92555832e-01, -7.76734741e-02, -4.51859378e-01,\n",
       "            3.46539269e-02, -6.95203603e-02, -4.91527216e-01,\n",
       "           -3.17974691e-01],\n",
       "          [-8.46088546e-02,  8.06144914e-02,  1.15481449e-01,\n",
       "            1.92330054e-01,  5.52764841e-02,  3.46539269e-02,\n",
       "            1.59655165e-01, -1.84691425e-02, -2.39235542e-02,\n",
       "           -5.54587285e-04],\n",
       "          [-4.94439665e-02, -3.33357837e-02, -2.75295579e-04,\n",
       "           -8.69649904e-02, -1.84853494e-02, -6.95203603e-02,\n",
       "           -1.84691425e-02, -5.09661493e-03, -6.10713058e-02,\n",
       "           -4.96766644e-02],\n",
       "          [-4.51043161e-01, -1.73201953e-01,  7.17092347e-02,\n",
       "           -4.94841634e-01, -1.00805665e-01, -4.91527216e-01,\n",
       "           -2.39235542e-02, -6.10713058e-02, -5.00185962e-01,\n",
       "           -3.43963508e-01],\n",
       "          [-3.17917485e-01, -9.73209638e-02,  5.26314871e-02,\n",
       "           -2.96880128e-01, -6.37504214e-02, -3.17974691e-01,\n",
       "           -5.54587285e-04, -4.96766644e-02, -3.43963508e-01,\n",
       "           -2.11323780e-01]]),\n",
       "   'Size (int)': 10,\n",
       "   'Type (str)': 'Random',\n",
       "   'Rank (int)': 10,\n",
       "   'Density (flt)': -1.0,\n",
       "   'Stiffness (flt)': -1.0,\n",
       "   'Other (flt)': -1.0,\n",
       "   'Test_solver (str)': '-',\n",
       "   'Test (flt)': tensor(-4.84435764, requires_grad=True),\n",
       "   'Test_state (vec)': array([ 1,  1, -1,  1,  1,  1, -1,  1,  1,  1]),\n",
       "   'Test_iterations (int)': -1,\n",
       "   'Test_time (flt)': 0.21445655822753906,\n",
       "   'Train_solver (str)': '-',\n",
       "   'Preprocessing (str)': '-',\n",
       "   'Postprocessing (str)': '-',\n",
       "   'Train (flt)': -1.0,\n",
       "   'Train_state (vec)': 0,\n",
       "   'Train_iterations_1 (int)': -1,\n",
       "   'Train_iterations_2 (int)': -1,\n",
       "   'Train_iterations_3 (int)': -1,\n",
       "   'Train_cost (flt)': -1.0,\n",
       "   'Train_shots (int)': -1,\n",
       "   'Train_time (flt)': -1.0,\n",
       "   'Flags (str)': nan,\n",
       "   'Test_solver (flt)': 'bruteforce'},\n",
       "  {'Id (int)': 8,\n",
       "   'Valid (int)': 1,\n",
       "   'Updated (str)': '2025-08-20 17:43:29',\n",
       "   'Matrix (mat)': array([[ 0.4155172 ,  0.03394485, -0.06459275,  0.45081538,  0.50010701,\n",
       "           -0.21031733, -0.08526631,  0.30553974, -0.02987364,  0.14550778],\n",
       "          [ 0.03394485, -0.0184737 , -0.06775752,  0.06168598,  0.02311776,\n",
       "           -0.13152121, -0.07281151,  0.02447498, -0.03819529, -0.02140657],\n",
       "          [-0.06459275, -0.06775752, -0.17469064,  0.00384398, -0.13110014,\n",
       "           -0.30575417, -0.18093252, -0.04838049, -0.10096731, -0.1207193 ],\n",
       "          [ 0.45081538,  0.06168598,  0.00384398,  0.45912178,  0.564022  ,\n",
       "           -0.09289717, -0.01582614,  0.33129638,  0.0095127 ,  0.19689024],\n",
       "          [ 0.50010701,  0.02311776, -0.13110014,  0.564022  ,  0.59114131,\n",
       "           -0.34776156, -0.1580826 ,  0.36611409, -0.06701503,  0.14619119],\n",
       "          [-0.21031733, -0.13152121, -0.30575417, -0.09289717, -0.34776156,\n",
       "           -0.51166573, -0.31292025, -0.15753474, -0.17903036, -0.25391612],\n",
       "          [-0.08526631, -0.07281151, -0.18093252, -0.01582614, -0.1580826 ,\n",
       "           -0.31292025, -0.18903772, -0.06473868, -0.10572909, -0.13362199],\n",
       "          [ 0.30553974,  0.02447498, -0.04838049,  0.33129638,  0.36611409,\n",
       "           -0.15753474, -0.06473868,  0.2249115 , -0.02249843,  0.10647711],\n",
       "          [-0.02987364, -0.03819529, -0.10096731,  0.0095127 , -0.06701503,\n",
       "           -0.17903036, -0.10572909, -0.02249843, -0.05838907, -0.06664878],\n",
       "          [ 0.14550778, -0.02140657, -0.1207193 ,  0.19689024,  0.14619119,\n",
       "           -0.25391612, -0.13362199,  0.10647711, -0.06664878, -0.00117602]]),\n",
       "   'Size (int)': 10,\n",
       "   'Type (str)': 'Random',\n",
       "   'Rank (int)': 10,\n",
       "   'Density (flt)': -1.0,\n",
       "   'Stiffness (flt)': -1.0,\n",
       "   'Other (flt)': -1.0,\n",
       "   'Test_solver (str)': '-',\n",
       "   'Test (flt)': tensor(-2.91247394, requires_grad=True),\n",
       "   'Test_state (vec)': array([-1,  1,  1, -1,  1,  1,  1, -1,  1,  1]),\n",
       "   'Test_iterations (int)': -1,\n",
       "   'Test_time (flt)': 0.21748113632202148,\n",
       "   'Train_solver (str)': '-',\n",
       "   'Preprocessing (str)': '-',\n",
       "   'Postprocessing (str)': '-',\n",
       "   'Train (flt)': -1.0,\n",
       "   'Train_state (vec)': 0,\n",
       "   'Train_iterations_1 (int)': -1,\n",
       "   'Train_iterations_2 (int)': -1,\n",
       "   'Train_iterations_3 (int)': -1,\n",
       "   'Train_cost (flt)': -1.0,\n",
       "   'Train_shots (int)': -1,\n",
       "   'Train_time (flt)': -1.0,\n",
       "   'Flags (str)': nan,\n",
       "   'Test_solver (flt)': 'bruteforce'},\n",
       "  {'Id (int)': 9,\n",
       "   'Valid (int)': 1,\n",
       "   'Updated (str)': '2025-08-20 17:43:30',\n",
       "   'Matrix (mat)': array([[ 0.4315172 , -0.01875369, -0.33048435, -0.01334764,  0.06849067,\n",
       "            0.31650672,  0.59820536, -0.36318596,  0.06987793, -0.01943503],\n",
       "          [-0.01875369, -0.02130389, -0.07029566, -0.02398283, -0.00555113,\n",
       "           -0.04068221,  0.0321972 , -0.12718372, -0.02110039, -0.03099291],\n",
       "          [-0.33048435, -0.07029566, -0.06518432, -0.08331029, -0.06301577,\n",
       "           -0.34510286, -0.24026624, -0.25949285, -0.1204549 , -0.10564641],\n",
       "          [-0.01334764, -0.02398283, -0.08331029, -0.0267681 , -0.00505906,\n",
       "           -0.03923103,  0.04565637, -0.14643823, -0.02218984, -0.034343  ],\n",
       "          [ 0.06849067, -0.00555113, -0.06301577, -0.00505906,  0.01062835,\n",
       "            0.04703039,  0.10227801, -0.0754225 ,  0.0087699 , -0.00696224],\n",
       "          [ 0.31650672, -0.04068221, -0.34510286, -0.03923103,  0.04703039,\n",
       "            0.19956335,  0.50930285, -0.43979432,  0.02927926, -0.05288742],\n",
       "          [ 0.59820536,  0.0321972 , -0.24026624,  0.04565637,  0.10227801,\n",
       "            0.50930285,  0.68022496, -0.1353316 ,  0.14252244,  0.05575182],\n",
       "          [-0.36318596, -0.12718372, -0.25949285, -0.14643823, -0.0754225 ,\n",
       "           -0.43979432, -0.1353316 , -0.60266699, -0.17196381, -0.18733506],\n",
       "          [ 0.06987793, -0.02110039, -0.1204549 , -0.02218984,  0.0087699 ,\n",
       "            0.02927926,  0.14252244, -0.17196381, -0.00254355, -0.02864906],\n",
       "          [-0.01943503, -0.03099291, -0.10564641, -0.034343  , -0.00696224,\n",
       "           -0.05288742,  0.05575182, -0.18733506, -0.02864906, -0.04477074]]),\n",
       "   'Size (int)': 10,\n",
       "   'Type (str)': 'Random',\n",
       "   'Rank (int)': 10,\n",
       "   'Density (flt)': -1.0,\n",
       "   'Stiffness (flt)': -1.0,\n",
       "   'Other (flt)': -1.0,\n",
       "   'Test_solver (str)': '-',\n",
       "   'Test (flt)': tensor(-2.51227195, requires_grad=True),\n",
       "   'Test_state (vec)': array([ 1,  1,  1,  1,  1,  1, -1,  1,  1,  1]),\n",
       "   'Test_iterations (int)': -1,\n",
       "   'Test_time (flt)': 0.21493220329284668,\n",
       "   'Train_solver (str)': '-',\n",
       "   'Preprocessing (str)': '-',\n",
       "   'Postprocessing (str)': '-',\n",
       "   'Train (flt)': -1.0,\n",
       "   'Train_state (vec)': 0,\n",
       "   'Train_iterations_1 (int)': -1,\n",
       "   'Train_iterations_2 (int)': -1,\n",
       "   'Train_iterations_3 (int)': -1,\n",
       "   'Train_cost (flt)': -1.0,\n",
       "   'Train_shots (int)': -1,\n",
       "   'Train_time (flt)': -1.0,\n",
       "   'Flags (str)': nan,\n",
       "   'Test_solver (flt)': 'bruteforce'},\n",
       "  {'Id (int)': 10,\n",
       "   'Valid (int)': 1,\n",
       "   'Updated (str)': '2025-08-20 17:43:30',\n",
       "   'Matrix (mat)': array([[-0.38324686,  0.26959658, -0.09582879, -0.08438081, -0.57706826,\n",
       "           -0.0622322 , -0.05084713, -0.16149258,  0.03460753, -0.30479887],\n",
       "          [ 0.26959658,  0.23369638,  0.15049955,  0.4456491 ,  0.17548772,\n",
       "            0.21547973,  0.39849383,  0.29439696,  0.19904157,  0.0595994 ],\n",
       "          [-0.09582879,  0.15049955, -0.01645247,  0.07229617, -0.18238765,\n",
       "            0.01927735,  0.07345606, -0.00124531,  0.04110958, -0.10077603],\n",
       "          [-0.08438081,  0.4456491 ,  0.07229617,  0.25508145, -0.4014544 ,\n",
       "            0.11293438,  0.27122339,  0.10218805,  0.2151594 , -0.24357041],\n",
       "          [-0.57706826,  0.17548772, -0.18238765, -0.4014544 , -0.81429217,\n",
       "           -0.21473117, -0.30383611, -0.35304967, -0.08005464, -0.4072807 ],\n",
       "          [-0.0622322 ,  0.21547973,  0.01927735,  0.11293438, -0.21473117,\n",
       "            0.06313991,  0.16105532,  0.06431211,  0.08741585, -0.14754806],\n",
       "          [-0.05084713,  0.39849383,  0.07345606,  0.27122339, -0.30383611,\n",
       "            0.16105532,  0.36180149,  0.18444352,  0.19784686, -0.24604179],\n",
       "          [-0.16149258,  0.29439696, -0.00124531,  0.10218805, -0.35304967,\n",
       "            0.06431211,  0.18444352,  0.04304423,  0.10783643, -0.24392965],\n",
       "          [ 0.03460753,  0.19904157,  0.04110958,  0.2151594 , -0.08005464,\n",
       "            0.08741585,  0.19784686,  0.10783643,  0.10403598, -0.04825926],\n",
       "          [-0.30479887,  0.0595994 , -0.10077603, -0.24357041, -0.4072807 ,\n",
       "           -0.14754806, -0.24604179, -0.24392965, -0.04825926, -0.17065368]]),\n",
       "   'Size (int)': 10,\n",
       "   'Type (str)': 'Random',\n",
       "   'Rank (int)': 10,\n",
       "   'Density (flt)': -1.0,\n",
       "   'Stiffness (flt)': -1.0,\n",
       "   'Other (flt)': -1.0,\n",
       "   'Test_solver (str)': '-',\n",
       "   'Test (flt)': tensor(-3.5521431, requires_grad=True),\n",
       "   'Test_state (vec)': array([ 1, -1,  1,  1,  1,  1, -1,  1, -1,  1]),\n",
       "   'Test_iterations (int)': -1,\n",
       "   'Test_time (flt)': 0.21813201904296875,\n",
       "   'Train_solver (str)': '-',\n",
       "   'Preprocessing (str)': '-',\n",
       "   'Postprocessing (str)': '-',\n",
       "   'Train (flt)': -1.0,\n",
       "   'Train_state (vec)': 0,\n",
       "   'Train_iterations_1 (int)': -1,\n",
       "   'Train_iterations_2 (int)': -1,\n",
       "   'Train_iterations_3 (int)': -1,\n",
       "   'Train_cost (flt)': -1.0,\n",
       "   'Train_shots (int)': -1,\n",
       "   'Train_time (flt)': -1.0,\n",
       "   'Flags (str)': nan,\n",
       "   'Test_solver (flt)': 'bruteforce'}],\n",
       " [{'Id (int)': 11,\n",
       "   'Valid (int)': 1,\n",
       "   'Updated (str)': '2025-08-20 17:43:29',\n",
       "   'Matrix (mat)': array([[-0.09643858, -0.02650545, -0.06138133, -0.02502824, -0.3105613 ,\n",
       "           -0.13222868, -0.14292293, -0.15598369, -0.03277482, -0.2415345 ],\n",
       "          [-0.02650545,  0.01560393,  0.03896599,  0.04951058, -0.06466405,\n",
       "            0.01656373, -0.05673431, -0.04258191,  0.01450631, -0.00752584],\n",
       "          [-0.06138133,  0.03896599,  0.09523728,  0.12303523, -0.14607763,\n",
       "            0.04721634, -0.1309583 , -0.10203435,  0.03366799, -0.01300589],\n",
       "          [-0.02502824,  0.04951058,  0.12303523,  0.13691863, -0.03678592,\n",
       "            0.09784278, -0.08179253, -0.04370436,  0.05208512,  0.08211532],\n",
       "          [-0.3105613 , -0.06466405, -0.14607763, -0.03678592, -0.96685432,\n",
       "           -0.37946023, -0.46553525, -0.49662793, -0.0891132 , -0.72315275],\n",
       "          [-0.13222868,  0.01656373,  0.04721634,  0.09784278, -0.37946023,\n",
       "           -0.0581602 , -0.23510481, -0.21383279,  0.011263  , -0.19342605],\n",
       "          [-0.14292293, -0.05673431, -0.1309583 , -0.08179253, -0.46553525,\n",
       "           -0.23510481, -0.19346208, -0.22662536, -0.06709248, -0.39700153],\n",
       "          [-0.15598369, -0.04258191, -0.10203435, -0.04370436, -0.49662793,\n",
       "           -0.21383279, -0.22662536, -0.2517743 , -0.05905376, -0.39460441],\n",
       "          [-0.03277482,  0.01450631,  0.03366799,  0.05208512, -0.0891132 ,\n",
       "            0.011263  , -0.06709248, -0.05905376,  0.01132002, -0.02698022],\n",
       "          [-0.2415345 , -0.00752584, -0.01300589,  0.08211532, -0.72315275,\n",
