{
 "cells": [
  {
   "cell_type": "code",
   "execution_count": 1,
   "id": "49885595",
   "metadata": {},
   "outputs": [],
   "source": [
    "from preparator import Preparator \n",
    "import numpy as np \n",
    "from solver import Solver \n",
    "prep = Preparator()\n",
    "\n",
    "from preparator import Preparator \n",
    "from logger import Logger \n",
    "import pandas as pd \n",
    "from datetime import datetime\n",
    "import tqdm \n",
    "#Header\n",
    "# Id (int),\n",
    "# Valid (int),\n",
    "# Updated (str),\n",
    "# Matrix (mat),\n",
    "# Size (int),\n",
    "# Type (str),\n",
    "# Rank (int),\n",
    "# Density (flt),\n",
    "# Stiffness (flt),\n",
    "# Other (flt),\n",
    "# Test_solver (str),\n",
    "# Test (flt),\n",
    "# Test_state (vec),\n",
    "# Test_iterations (int),\n",
    "# Test_time (flt),\n",
    "# Train_solver (str),\n",
    "# Preprocessing (str),\n",
    "# Postprocessing (str),\n",
    "# Train (flt),\n",
    "# Train_state (vec),\n",
    "# Train (flt), \n",
    "# Train_iterations_1 (int),\n",
    "# Train_iterations_2 (int),\n",
    "# Train_iterations_3 (int),\n",
    "# Train_shots (int),\n",
    "# Train_cost (flt),\n",
    "# Train_time (flt),\n",
    "# Flags (str)\n",
    "# Baren (int)\n"
   ]
  },
  {
   "cell_type": "code",
   "execution_count": 2,
   "id": "ade76d81",
   "metadata": {},
   "outputs": [
    {
     "name": "stdout",
     "output_type": "stream",
     "text": [
      "Logfile data/stiffness/Stiffness_size_10_stiffs_[1.0, 10.0, 100.0, 1000.0, 10000.0, 100000.0, 1000000.0]_stepsize_0.25_shots_1000.csv already exists\n",
      "Columns in data/stiffness/Stiffness_size_10_stiffs_[1.0, 10.0, 100.0, 1000.0, 10000.0, 100000.0, 1000000.0]_stepsize_0.25_shots_1000.csv are broken. Expected Index(['Id (int)', 'Valid (int)', 'Updated (str)', 'Matrix (mat)',\n",
      "       'Size (int)', 'Type (str)', 'Rank (int)', 'Density (flt)',\n",
      "       'Stiffness (flt)', 'Penalty (flt)', 'Other (flt)', 'Test_solver (str)',\n",
      "       'Test (flt)', 'Test_state (vec)', 'Test_iterations (int)',\n",
      "       'Test_time (flt)', 'Train_solver (str)', 'Preprocessing (str)',\n",
      "       'Postprocessing (str)', 'Train (flt)', 'Train_state (vec)',\n",
      "       'Train_iterations (int)', 'Train_iterations_1 (int)',\n",
      "       'Train_iterations_2 (int)', 'Train_iterations_3 (int)',\n",
      "       'Train_cost (flt)', 'Train_shots (int)', 'Train_time (flt)',\n",
      "       'Flags (str)', 'Baren (int)'],\n",
      "      dtype='object') and got Index(['Id (int)', 'Valid (int)', 'Updated (str)', 'Matrix (mat)',\n",
      "       'Size (int)', 'Type (str)', 'Rank (int)', 'Density (flt)',\n",
      "       'Stiffness (flt)', 'Other (flt)', 'Test_solver (str)', 'Test (flt)',\n",
      "       'Test_state (vec)', 'Test_iterations (int)', 'Test_time (flt)',\n",
      "       'Train_solver (str)', 'Preprocessing (str)', 'Postprocessing (str)',\n",
      "       'Train (flt)', 'Train_state (vec)', 'Train_iterations (int)',\n",
      "       'Train_iterations_1 (int)', 'Train_iterations_2 (int)',\n",
      "       'Train_iterations_3 (int)', 'Train_cost (flt)', 'Train_shots (int)',\n",
      "       'Train_time (flt)', 'Flags (str)', 'Baren (int)', 'Penalty (flt)'],\n",
      "      dtype='object') \n",
      " missmatch: set()\n"
     ]
    }
   ],
   "source": [
    "# Prepare source dataset \n",
    "\n",
    "source_name = 'data/stiffness/Stiffness_size_{size}_stiffs_{stiffs}_stepsize_{stepsize}_shots_{shots}.csv'\n",
    "\n",
    "Config = {\n",
    "    'size' : 10,\n",
    "    'stiffs' : [1e0, 1e1, 1e2, 1e3, 1e4, 1e5, 1e6],\n",
    "    'stiff_count' : 10, \n",
    "    'shots' : 1000, \n",
    "    'stepsize' : 0.25, \n",
    "    'accepterr': [0.01,0.05,0.01], \n",
    "    'iterations_limit' : 1000, \n",
    "    'baren_err' : 0.01,\n",
    "    'baren_threshold': 10\n",
    "}\n",
    "\n",
    "template = pd.read_csv('data/template.csv')\n",
    "\n",
    "log = Logger (log_template = template, log_path = source_name.format(size = Config['size'], stiffs = Config['stiffs'], stepsize = Config['stepsize'], shots = Config['shots']))\n",
    "exists = log.create_logfile()\n",
    "\n",
    "\n",
    "log_file, id = log._load_logfile()\n"
   ]
  },
  {
   "cell_type": "code",
   "execution_count": null,
   "id": "8c705c40",
   "metadata": {},
   "outputs": [
    {
     "name": "stdout",
     "output_type": "stream",
     "text": [
      "Columns in data/stiffness/Stiffness_size_10_stiffs_[1.0, 10.0, 100.0, 1000.0, 10000.0, 100000.0, 1000000.0]_stepsize_0.25_shots_1000.csv are broken. Expected Index(['Id (int)', 'Valid (int)', 'Updated (str)', 'Matrix (mat)',\n",
      "       'Size (int)', 'Type (str)', 'Rank (int)', 'Density (flt)',\n",
      "       'Stiffness (flt)', 'Other (flt)', 'Test_solver (str)', 'Test (flt)',\n",
      "       'Test_state (vec)', 'Test_iterations (int)', 'Test_time (flt)',\n",
      "       'Train_solver (str)', 'Preprocessing (str)', 'Postprocessing (str)',\n",
      "       'Train (flt)', 'Train_state (vec)', 'Train_iterations_1 (int)',\n",
      "       'Train_iterations_2 (int)', 'Train_iterations_3 (int)',\n",
      "       'Train_cost (flt)', 'Train_shots (int)', 'Train_time (flt)',\n",
      "       'Flags (str)', 'Baren (int)'],\n",
      "      dtype='object') and got Index(['Id (int)', 'Valid (int)', 'Updated (str)', 'Matrix (mat)',\n",
      "       'Size (int)', 'Type (str)', 'Rank (int)', 'Density (flt)',\n",
      "       'Stiffness (flt)', 'Other (flt)', 'Test_solver (str)', 'Test (flt)',\n",
      "       'Test_state (vec)', 'Test_iterations (int)', 'Test_time (flt)',\n",
      "       'Train_solver (str)', 'Preprocessing (str)', 'Postprocessing (str)',\n",
      "       'Train (flt)', 'Train_state (vec)', 'Train_iterations (int)',\n",
      "       'Train_iterations_1 (int)', 'Train_iterations_2 (int)',\n",
      "       'Train_iterations_3 (int)', 'Train_cost (flt)', 'Train_shots (int)',\n",
      "       'Train_time (flt)', 'Flags (str)', 'Baren (int)'],\n",
      "      dtype='object') \n",
      " missmatch: {'Train_iterations (int)'}\n"
     ]
    },
    {
     "data": {
      "text/plain": [
       "{'Id (int)': 1,\n",
       " 'Valid (int)': 1,\n",
       " 'Updated (str)': '2025-08-21 14:20:48',\n",
       " 'Matrix (mat)': array([[-5.23002864e-02, -2.68834818e-02, -3.15316187e-01,\n",
       "          9.78478304e-02,  2.22056556e-02,  1.83760454e-01,\n",
       "         -2.77481519e-01, -4.01682828e-01, -5.85620262e-01,\n",
       "         -4.24839406e-01],\n",
       "        [-2.68834818e-02, -8.77333081e-02,  3.06976163e-02,\n",
       "         -1.04606479e-02, -4.60131456e-02,  2.87504271e-01,\n",
       "          1.58384051e-01,  5.35786945e-02,  2.79204656e-01,\n",
       "          5.79105824e-02],\n",
       "        [-3.15316187e-01,  3.06976163e-02, -2.66715034e-01,\n",
       "          2.94488228e-01,  9.47817798e-03,  5.54751312e-01,\n",
       "         -1.11646929e-01,  1.04110309e-01,  8.61627666e-02,\n",
       "         -1.84939857e-01],\n",
       "        [ 9.78478304e-02, -1.04606479e-02,  2.94488228e-01,\n",
       "         -1.74619894e-01,  1.83422896e-01, -3.25599342e-01,\n",
       "         -5.19229246e-04,  1.81519405e-01, -7.62520100e-02,\n",
       "          1.38071144e-01],\n",
       "        [ 2.22056556e-02, -4.60131456e-02,  9.47817798e-03,\n",
       "          1.83422896e-01, -1.51235505e-02,  1.82021753e-01,\n",
       "          1.56164531e-02, -1.71457666e-03,  4.08737693e-01,\n",
       "         -2.07090599e-02],\n",
       "        [ 1.83760454e-01,  2.87504271e-01,  5.54751312e-01,\n",
       "         -3.25599342e-01,  1.82021753e-01, -3.38598029e-01,\n",
       "          2.75541162e-01,  3.76030841e-01,  2.68079686e-01,\n",
       "          5.94278886e-02],\n",
       "        [-2.77481519e-01,  1.58384051e-01, -1.11646929e-01,\n",
       "         -5.19229246e-04,  1.56164531e-02,  2.75541162e-01,\n",
       "          1.32194084e-01,  8.13508903e-02,  4.92409110e-01,\n",
       "         -1.14930042e-01],\n",
       "        [-4.01682828e-01,  5.35786945e-02,  1.04110309e-01,\n",
       "          1.81519405e-01, -1.71457666e-03,  3.76030841e-01,\n",
       "          8.13508903e-02,  1.73618813e-01, -5.27179703e-03,\n",
       "          3.46097229e-01],\n",
       "        [-5.85620262e-01,  2.79204656e-01,  8.61627666e-02,\n",
       "         -7.62520100e-02,  4.08737693e-01,  2.68079686e-01,\n",
       "          4.92409110e-01, -5.27179703e-03,  4.31533734e-01,\n",
       "         -1.31863066e-01],\n",
       "        [-4.24839406e-01,  5.79105824e-02, -1.84939857e-01,\n",
       "          1.38071144e-01, -2.07090599e-02,  5.94278886e-02,\n",
       "         -1.14930042e-01,  3.46097229e-01, -1.31863066e-01,\n",
       "          2.01047088e-01]]),\n",
       " 'Size (int)': 10,\n",
       " 'Type (str)': 'Stiff',\n",
       " 'Rank (int)': -1,\n",
       " 'Density (flt)': -1.0,\n",
       " 'Stiffness (flt)': 1.0,\n",
       " 'Other (flt)': -1.0,\n",
       " 'Test_solver (str)': '-',\n",
       " 'Test (flt)': -1.9645337617078296,\n",
       " 'Test_state (vec)': array([ 1., -1.,  1., -1., -1., -1.,  1., -1., -1.,  1.]),\n",
       " 'Test_iterations (int)': -1,\n",
       " 'Test_time (flt)': 0.9742028713226318,\n",
       " 'Train_solver (str)': 'MA-PIA',\n",
       " 'Preprocessing (str)': nan,\n",
       " 'Postprocessing (str)': nan,\n",
       " 'Train (flt)': -1.9421260076717783,\n",
       " 'Train_state (vec)': array([ 1., -1.,  1., -1., -1., -1., -1., -1.,  1.,  1.]),\n",
       " 'Train_iterations_1 (int)': -1,\n",
       " 'Train_iterations_2 (int)': 16,\n",
       " 'Train_iterations_3 (int)': 16,\n",
       " 'Train_cost (flt)': -1.0,\n",
       " 'Train_shots (int)': 10000,\n",
       " 'Train_time (flt)': 2623.265376329422,\n",
       " 'Flags (str)': 'Baren',\n",
       " 'Baren (int)': 22}"
      ]
     },
     "metadata": {},
     "output_type": "display_data"
    }
   ],
   "source": [
    "\n",
    "# for stiff in Config['stiffs']: \n",
    "#     for i in tqdm.tqdm(range(Config['stiff_count']), desc = f\"Generating matrices with stiffness {stiff}\"):\n",
    "        \n",
    "#         id += 1\n",
    "#         matrix = prep.stiffnessPreparator(size = Config['size'], stiffness = stiff)\n",
    "#         current_datetime = datetime.now()\n",
    "#         data = { \n",
    "#             'Id (int)' : id, \n",
    "#             'Valid (int)' : 1, \n",
    "#             'Updated (str)' : current_datetime.strftime(\"%Y-%m-%d %H:%M:%S\"),\n",
    "#             'Matrix (mat)' : matrix,\n",
    "#             'Size (int)' : Config['size'],\n",
    "#             'Type (str)' : 'Stiff',\n",
    "#             'Rank (int)' : -1,\n",
    "#             'Density (flt)' : -1.0,\n",
    "#             'Stiffness (flt)' : stiff,\n",
    "#             'Other (flt)' : -1.0,\n",
    "#             'Test_solver (str)' : '-',\n",
    "#             'Test (flt)' : -1.0,\n",
    "#             'Test_state (vec)' : [],\n",
    "#             'Test_iterations (int)' : -1,\n",
    "#             'Test_time (flt)' : -1.0,\n",
    "#             'Train_solver (str)' : '-',\n",
    "#             'Preprocessing (str)' : '-',\n",
    "#             'Postprocessing (str)' : '-',\n",
    "#             'Train (flt)' : -1.0,\n",
    "#             'Train_state (vec)' : [],\n",
    "#             'Train_iterations (int)' : -1, \n",
    "#             'Train_iterations_1 (int)' : -1,\n",
    "#             'Train_iterations_2 (int)' : -1,\n",
    "#             'Train_iterations_3 (int)' : -1,\n",
    "#             'Train_shots (int)': -1, \n",
    "#             'Train_cost (flt)' : -1.0,\n",
    "#             'Train_time (flt)' : -1.0, \n",
    "#             'Flags (str)' : '',\n",
    "#             'Baren (int)' : -1\n",
    "#         }\n",
    "        \n",
    "#         log.log(data)\n",
    "\n",
    "    \n",
    "display(log.read(1))"
   ]
  },
  {
   "cell_type": "code",
   "execution_count": null,
   "id": "9e49449d",
   "metadata": {},
   "outputs": [],
   "source": [
    "# import pennylane as qml \n",
    "# testdev = qml.device ('default.qubit', wires = Config['size'], shots = Config['shots'])\n"
   ]
  },
  {
   "cell_type": "code",
   "execution_count": null,
   "metadata": {},
   "outputs": [],
   "source": [
    "\n",
    "# def test (ids : np.ndarray, solver : str = 'bruteforce', log_data : bool = False, progressbar : bool = False ):\n",
    "\n",
    "#     ''' \n",
    "#     ids : np.ndarray \n",
    "#         a list of ids to compute \n",
    "#     solver : str \n",
    "#         solver to compute with \n",
    "#     ''' \n",
    "    \n",
    "#     tester = Solver(dev = testdev, ansatz = '')\n",
    "\n",
    "#     if (progressbar):\n",
    "#         id_range = tqdm(ids, desc = f\"Testing matrices with ids {min(ids)} <--> {max(ids)}\") \n",
    "#     else: \n",
    "#         id_range = ids\n",
    "#     processed_data = []\n",
    "#     for id in id_range:\n",
    "\n",
    "#         data = log.read(id)\n",
    "\n",
    "#         print(data)\n",
    "#         def test_solver(Q : np.ndarray, solver : str = 'bruteforce'): \n",
    "#             ''' \n",
    "#             tester wrapped\n",
    "#             '''\n",
    "\n",
    "#             match solver: \n",
    "#                 case 'bruteforce':\n",
    "#                     J, h = prep.isingForm(Q)\n",
    "#                     return tester.checkIsing(J, h)\n",
    "#                 case 'GW':\n",
    "#                     pass\n",
    "#                 case 'Annealing': \n",
    "#                     pass\n",
    "            \n",
    "#         Q = data['Matrix (mat)']\n",
    "\n",
    "#         tested_data = data.copy()\n",
    "        \n",
    "#         test, test_state, test_time = test_solver(Q)\n",
    "#         current_datetime = datetime.now()\n",
    "\n",
    "#         tested_data['Test (flt)'] = test \n",
    "#         tested_data['Test_state (vec)'] = test_state[0].numpy()\n",
    "#         tested_data['Test_time (flt)'] = test_time\n",
    "#         tested_data['Test_solver (flt)'] = solver\n",
    "#         tested_data['Updated (str)'] = current_datetime.strftime(\"%Y-%m-%d %H:%M:%S\")\n",
    "\n",
    "#         processed_data.append(tested_data)\n",
    "\n",
    "#         if (log_data): \n",
    "#             log.log(tested_data, byid = True, Id = id)\n",
    "#     return processed_data\n"
   ]
  },
  {
   "cell_type": "code",
   "execution_count": null,
   "id": "be600689",
   "metadata": {},
   "outputs": [
    {
     "name": "stdout",
     "output_type": "stream",
     "text": [
      "Columns in data/stiffness/Stiffness_size_10_stiffs_[1.0, 10.0, 100.0, 1000.0, 10000.0, 100000.0, 1000000.0]_stepsize_0.25_shots_1000.csv are broken. Expected Index(['Id (int)', 'Valid (int)', 'Updated (str)', 'Matrix (mat)',\n",
      "       'Size (int)', 'Type (str)', 'Rank (int)', 'Density (flt)',\n",
      "       'Stiffness (flt)', 'Penalty (flt)', 'Other (flt)', 'Test_solver (str)',\n",
      "       'Test (flt)', 'Test_state (vec)', 'Test_iterations (int)',\n",
      "       'Test_time (flt)', 'Train_solver (str)', 'Preprocessing (str)',\n",
      "       'Postprocessing (str)', 'Train (flt)', 'Train_state (vec)',\n",
      "       'Train_iterations (int)', 'Train_iterations_1 (int)',\n",
      "       'Train_iterations_2 (int)', 'Train_iterations_3 (int)',\n",
      "       'Train_cost (flt)', 'Train_shots (int)', 'Train_time (flt)',\n",
      "       'Flags (str)', 'Baren (int)'],\n",
      "      dtype='object') and got Index(['Id (int)', 'Valid (int)', 'Updated (str)', 'Matrix (mat)',\n",
      "       'Size (int)', 'Type (str)', 'Rank (int)', 'Density (flt)',\n",
      "       'Stiffness (flt)', 'Other (flt)', 'Test_solver (str)', 'Test (flt)',\n",
      "       'Test_state (vec)', 'Test_iterations (int)', 'Test_time (flt)',\n",
      "       'Train_solver (str)', 'Preprocessing (str)', 'Postprocessing (str)',\n",
      "       'Train (flt)', 'Train_state (vec)', 'Train_iterations (int)',\n",
      "       'Train_iterations_1 (int)', 'Train_iterations_2 (int)',\n",
      "       'Train_iterations_3 (int)', 'Train_cost (flt)', 'Train_shots (int)',\n",
      "       'Train_time (flt)', 'Flags (str)', 'Baren (int)'],\n",
      "      dtype='object') \n",
      " missmatch: set()\n",
      "No line with id {id} - there is nothing to read\n",
      "{'Id (int)': 1, 'Valid (int)': 1, 'Updated (str)': '2025-08-21 14:20:48', 'Matrix (mat)': array([[-5.23002864e-02, -2.68834818e-02, -3.15316187e-01,\n",
      "         9.78478304e-02,  2.22056556e-02,  1.83760454e-01,\n",
      "        -2.77481519e-01, -4.01682828e-01, -5.85620262e-01,\n",
      "        -4.24839406e-01],\n",
      "       [-2.68834818e-02, -8.77333081e-02,  3.06976163e-02,\n",
      "        -1.04606479e-02, -4.60131456e-02,  2.87504271e-01,\n",
      "         1.58384051e-01,  5.35786945e-02,  2.79204656e-01,\n",
      "         5.79105824e-02],\n",
      "       [-3.15316187e-01,  3.06976163e-02, -2.66715034e-01,\n",
      "         2.94488228e-01,  9.47817798e-03,  5.54751312e-01,\n",
      "        -1.11646929e-01,  1.04110309e-01,  8.61627666e-02,\n",
      "        -1.84939857e-01],\n",
      "       [ 9.78478304e-02, -1.04606479e-02,  2.94488228e-01,\n",
      "        -1.74619894e-01,  1.83422896e-01, -3.25599342e-01,\n",
      "        -5.19229246e-04,  1.81519405e-01, -7.62520100e-02,\n",
      "         1.38071144e-01],\n",
      "       [ 2.22056556e-02, -4.60131456e-02,  9.47817798e-03,\n",
      "         1.83422896e-01, -1.51235505e-02,  1.82021753e-01,\n",
      "         1.56164531e-02, -1.71457666e-03,  4.08737693e-01,\n",
      "        -2.07090599e-02],\n",
      "       [ 1.83760454e-01,  2.87504271e-01,  5.54751312e-01,\n",
      "        -3.25599342e-01,  1.82021753e-01, -3.38598029e-01,\n",
      "         2.75541162e-01,  3.76030841e-01,  2.68079686e-01,\n",
      "         5.94278886e-02],\n",
      "       [-2.77481519e-01,  1.58384051e-01, -1.11646929e-01,\n",
      "        -5.19229246e-04,  1.56164531e-02,  2.75541162e-01,\n",
      "         1.32194084e-01,  8.13508903e-02,  4.92409110e-01,\n",
      "        -1.14930042e-01],\n",
      "       [-4.01682828e-01,  5.35786945e-02,  1.04110309e-01,\n",
      "         1.81519405e-01, -1.71457666e-03,  3.76030841e-01,\n",
      "         8.13508903e-02,  1.73618813e-01, -5.27179703e-03,\n",
      "         3.46097229e-01],\n",
      "       [-5.85620262e-01,  2.79204656e-01,  8.61627666e-02,\n",
      "        -7.62520100e-02,  4.08737693e-01,  2.68079686e-01,\n",
      "         4.92409110e-01, -5.27179703e-03,  4.31533734e-01,\n",
      "        -1.31863066e-01],\n",
      "       [-4.24839406e-01,  5.79105824e-02, -1.84939857e-01,\n",
      "         1.38071144e-01, -2.07090599e-02,  5.94278886e-02,\n",
      "        -1.14930042e-01,  3.46097229e-01, -1.31863066e-01,\n",
      "         2.01047088e-01]]), 'Size (int)': 10, 'Type (str)': 'Stiff', 'Rank (int)': -1, 'Density (flt)': -1.0, 'Stiffness (flt)': 1.0, 'Penalty (flt)': 0, 'Other (flt)': 0, 'Test_solver (str)': 0, 'Test (flt)': 0, 'Test_state (vec)': 0, 'Test_iterations (int)': 0, 'Test_time (flt)': 0, 'Train_solver (str)': 0, 'Preprocessing (str)': 0, 'Postprocessing (str)': 0, 'Train (flt)': 0, 'Train_state (vec)': 0, 'Train_iterations (int)': 0, 'Train_iterations_1 (int)': 0, 'Train_iterations_2 (int)': 0, 'Train_iterations_3 (int)': 0, 'Train_cost (flt)': 0, 'Train_shots (int)': 0, 'Train_time (flt)': 0, 'Flags (str)': 0, 'Baren (int)': 0}\n",
      "Columns in data/stiffness/Stiffness_size_10_stiffs_[1.0, 10.0, 100.0, 1000.0, 10000.0, 100000.0, 1000000.0]_stepsize_0.25_shots_1000.csv are broken. Expected Index(['Id (int)', 'Valid (int)', 'Updated (str)', 'Matrix (mat)',\n",
      "       'Size (int)', 'Type (str)', 'Rank (int)', 'Density (flt)',\n",
      "       'Stiffness (flt)', 'Penalty (flt)', 'Other (flt)', 'Test_solver (str)',\n",
      "       'Test (flt)', 'Test_state (vec)', 'Test_iterations (int)',\n",
      "       'Test_time (flt)', 'Train_solver (str)', 'Preprocessing (str)',\n",
      "       'Postprocessing (str)', 'Train (flt)', 'Train_state (vec)',\n",
      "       'Train_iterations (int)', 'Train_iterations_1 (int)',\n",
      "       'Train_iterations_2 (int)', 'Train_iterations_3 (int)',\n",
      "       'Train_cost (flt)', 'Train_shots (int)', 'Train_time (flt)',\n",
      "       'Flags (str)', 'Baren (int)'],\n",
      "      dtype='object') and got Index(['Id (int)', 'Valid (int)', 'Updated (str)', 'Matrix (mat)',\n",
      "       'Size (int)', 'Type (str)', 'Rank (int)', 'Density (flt)',\n",
      "       'Stiffness (flt)', 'Other (flt)', 'Test_solver (str)', 'Test (flt)',\n",
      "       'Test_state (vec)', 'Test_iterations (int)', 'Test_time (flt)',\n",
      "       'Train_solver (str)', 'Preprocessing (str)', 'Postprocessing (str)',\n",
      "       'Train (flt)', 'Train_state (vec)', 'Train_iterations (int)',\n",
      "       'Train_iterations_1 (int)', 'Train_iterations_2 (int)',\n",
      "       'Train_iterations_3 (int)', 'Train_cost (flt)', 'Train_shots (int)',\n",
      "       'Train_time (flt)', 'Flags (str)', 'Baren (int)'],\n",
      "      dtype='object') \n",
      " missmatch: set()\n",
      "No line with id {id} - there is nothing to read\n",
      "{'Id (int)': 2, 'Valid (int)': 1, 'Updated (str)': '2025-08-21 14:58:06', 'Matrix (mat)': array([[-0.22354487,  0.22485838,  0.12302376, -0.45902711,  0.09906531,\n",
      "        -0.23390187, -0.07986369,  0.22533276, -0.46129939,  0.17012686],\n",
      "       [ 0.22485838, -0.20854463,  0.09745935,  0.03736915,  0.04122405,\n",
      "        -0.01314181,  0.14185642,  0.04749659, -0.04168483,  0.11925896],\n",
      "       [ 0.12302376,  0.09745935, -0.14397138,  0.11714627, -0.10564185,\n",
      "        -0.2739213 ,  0.05245928, -0.27576172, -0.24238033, -0.18050263],\n",
      "       [-0.45902711,  0.03736915,  0.11714627, -0.08447593, -0.10028319,\n",
      "         0.22033097, -0.34112993,  0.0133867 ,  0.02829507, -0.01342765],\n",
      "       [ 0.09906531,  0.04122405, -0.10564185, -0.10028319, -0.05779558,\n",
      "        -0.18882987,  0.15175544, -0.09081244, -0.20093786, -0.20987317],\n",
      "       [-0.23390187, -0.01314181, -0.2739213 ,  0.22033097, -0.18882987,\n",
      "         0.24867639,  0.00119895,  0.34773413, -0.04508241, -0.06499922],\n",
      "       [-0.07986369,  0.14185642,  0.05245928, -0.34112993,  0.15175544,\n",
      "         0.00119895, -0.208306  ,  0.03314451,  0.00357307,  0.11378365],\n",
      "       [ 0.22533276,  0.04749659, -0.27576172,  0.0133867 , -0.09081244,\n",
      "         0.34773413,  0.03314451,  0.28919641,  0.36676899,  0.29686103],\n",
      "       [-0.46129939, -0.04168483, -0.24238033,  0.02829507, -0.20093786,\n",
      "        -0.04508241,  0.00357307,  0.36676899, -0.29436589,  0.01056213],\n",
      "       [ 0.17012686,  0.11925896, -0.18050263, -0.01342765, -0.20987317,\n",
      "        -0.06499922,  0.11378365,  0.29686103,  0.01056213,  0.23064237]]), 'Size (int)': 10, 'Type (str)': 'Stiff', 'Rank (int)': -1, 'Density (flt)': -1.0, 'Stiffness (flt)': 1.0, 'Penalty (flt)': 0, 'Other (flt)': 0, 'Test_solver (str)': 0, 'Test (flt)': 0, 'Test_state (vec)': 0, 'Test_iterations (int)': 0, 'Test_time (flt)': 0, 'Train_solver (str)': 0, 'Preprocessing (str)': 0, 'Postprocessing (str)': 0, 'Train (flt)': 0, 'Train_state (vec)': 0, 'Train_iterations (int)': 0, 'Train_iterations_1 (int)': 0, 'Train_iterations_2 (int)': 0, 'Train_iterations_3 (int)': 0, 'Train_cost (flt)': 0, 'Train_shots (int)': 0, 'Train_time (flt)': 0, 'Flags (str)': 0, 'Baren (int)': 0}\n",
      "Columns in data/stiffness/Stiffness_size_10_stiffs_[1.0, 10.0, 100.0, 1000.0, 10000.0, 100000.0, 1000000.0]_stepsize_0.25_shots_1000.csv are broken. Expected Index(['Id (int)', 'Valid (int)', 'Updated (str)', 'Matrix (mat)',\n",
      "       'Size (int)', 'Type (str)', 'Rank (int)', 'Density (flt)',\n",
      "       'Stiffness (flt)', 'Penalty (flt)', 'Other (flt)', 'Test_solver (str)',\n",
      "       'Test (flt)', 'Test_state (vec)', 'Test_iterations (int)',\n",
      "       'Test_time (flt)', 'Train_solver (str)', 'Preprocessing (str)',\n",
      "       'Postprocessing (str)', 'Train (flt)', 'Train_state (vec)',\n",
      "       'Train_iterations (int)', 'Train_iterations_1 (int)',\n",
      "       'Train_iterations_2 (int)', 'Train_iterations_3 (int)',\n",
      "       'Train_cost (flt)', 'Train_shots (int)', 'Train_time (flt)',\n",
      "       'Flags (str)', 'Baren (int)'],\n",
      "      dtype='object') and got Index(['Id (int)', 'Valid (int)', 'Updated (str)', 'Matrix (mat)',\n",
      "       'Size (int)', 'Type (str)', 'Rank (int)', 'Density (flt)',\n",
      "       'Stiffness (flt)', 'Other (flt)', 'Test_solver (str)', 'Test (flt)',\n",
      "       'Test_state (vec)', 'Test_iterations (int)', 'Test_time (flt)',\n",
      "       'Train_solver (str)', 'Preprocessing (str)', 'Postprocessing (str)',\n",
      "       'Train (flt)', 'Train_state (vec)', 'Train_iterations (int)',\n",
      "       'Train_iterations_1 (int)', 'Train_iterations_2 (int)',\n",
      "       'Train_iterations_3 (int)', 'Train_cost (flt)', 'Train_shots (int)',\n",
      "       'Train_time (flt)', 'Flags (str)', 'Baren (int)'],\n",
      "      dtype='object') \n",
      " missmatch: set()\n",
      "No line with id {id} - there is nothing to read\n",
      "{'Id (int)': 3, 'Valid (int)': 1, 'Updated (str)': '2025-08-21 15:05:26', 'Matrix (mat)': array([[-0.11953842, -0.21393736, -0.07939534, -0.15825765,  0.10663588,\n",
      "         0.26866096, -0.31027343,  0.15157904,  0.07949241, -0.26863913],\n",
      "       [-0.21393736, -0.0018186 , -0.25147287, -0.22717798,  0.1394973 ,\n",
      "         0.08340713,  0.07862746, -0.06191463, -0.10663597,  0.0729287 ],\n",
      "       [-0.07939534, -0.25147287, -0.2470563 , -0.31656176,  0.28368947,\n",
      "         0.36380345, -0.44692938,  0.19894323,  0.14673373, -0.28178477],\n",
      "       [-0.15825765, -0.22717798, -0.31656176, -0.31937298,  0.18376889,\n",
      "         0.3004378 , -0.34010752,  0.09533924,  0.07975023, -0.22858212],\n",
      "       [ 0.10663588,  0.1394973 ,  0.28368947,  0.18376889, -0.04789643,\n",
      "        -0.10515005,  0.07550373, -0.00380411,  0.02543341,  0.08092582],\n",
      "       [ 0.26866096,  0.08340713,  0.36380345,  0.3004378 , -0.10515005,\n",
      "        -0.24635377, -0.02319005,  0.01444303,  0.1251808 ,  0.00229423],\n",
      "       [-0.31027343,  0.07862746, -0.44692938, -0.34010752,  0.07550373,\n",
      "        -0.02319005,  0.34887235, -0.14373525, -0.24377066,  0.28346662],\n",
      "       [ 0.15157904, -0.06191463,  0.19894323,  0.09533924, -0.00380411,\n",
      "         0.01444303, -0.14373525, -0.01360712,  0.11858799, -0.17943811],\n",
      "       [ 0.07949241, -0.10663597,  0.14673373,  0.07975023,  0.02543341,\n",
      "         0.1251808 , -0.24377066,  0.11858799,  0.09166492, -0.23660557],\n",
      "       [-0.26863913,  0.0729287 , -0.28178477, -0.22858212,  0.08092582,\n",
      "         0.00229423,  0.28346662, -0.17943811, -0.23660557,  0.23122254]]), 'Size (int)': 10, 'Type (str)': 'Stiff', 'Rank (int)': -1, 'Density (flt)': -1.0, 'Stiffness (flt)': 1.0, 'Penalty (flt)': 0, 'Other (flt)': 0, 'Test_solver (str)': 0, 'Test (flt)': 0, 'Test_state (vec)': 0, 'Test_iterations (int)': 0, 'Test_time (flt)': 0, 'Train_solver (str)': 0, 'Preprocessing (str)': 0, 'Postprocessing (str)': 0, 'Train (flt)': 0, 'Train_state (vec)': 0, 'Train_iterations (int)': 0, 'Train_iterations_1 (int)': 0, 'Train_iterations_2 (int)': 0, 'Train_iterations_3 (int)': 0, 'Train_cost (flt)': 0, 'Train_shots (int)': 0, 'Train_time (flt)': 0, 'Flags (str)': 0, 'Baren (int)': 0}\n",
      "Columns in data/stiffness/Stiffness_size_10_stiffs_[1.0, 10.0, 100.0, 1000.0, 10000.0, 100000.0, 1000000.0]_stepsize_0.25_shots_1000.csv are broken. Expected Index(['Id (int)', 'Valid (int)', 'Updated (str)', 'Matrix (mat)',\n",
      "       'Size (int)', 'Type (str)', 'Rank (int)', 'Density (flt)',\n",
      "       'Stiffness (flt)', 'Penalty (flt)', 'Other (flt)', 'Test_solver (str)',\n",
      "       'Test (flt)', 'Test_state (vec)', 'Test_iterations (int)',\n",
      "       'Test_time (flt)', 'Train_solver (str)', 'Preprocessing (str)',\n",
      "       'Postprocessing (str)', 'Train (flt)', 'Train_state (vec)',\n",
      "       'Train_iterations (int)', 'Train_iterations_1 (int)',\n",
      "       'Train_iterations_2 (int)', 'Train_iterations_3 (int)',\n",
      "       'Train_cost (flt)', 'Train_shots (int)', 'Train_time (flt)',\n",
      "       'Flags (str)', 'Baren (int)'],\n",
      "      dtype='object') and got Index(['Id (int)', 'Valid (int)', 'Updated (str)', 'Matrix (mat)',\n",
      "       'Size (int)', 'Type (str)', 'Rank (int)', 'Density (flt)',\n",
      "       'Stiffness (flt)', 'Other (flt)', 'Test_solver (str)', 'Test (flt)',\n",
      "       'Test_state (vec)', 'Test_iterations (int)', 'Test_time (flt)',\n",
      "       'Train_solver (str)', 'Preprocessing (str)', 'Postprocessing (str)',\n",
      "       'Train (flt)', 'Train_state (vec)', 'Train_iterations (int)',\n",
      "       'Train_iterations_1 (int)', 'Train_iterations_2 (int)',\n",
      "       'Train_iterations_3 (int)', 'Train_cost (flt)', 'Train_shots (int)',\n",
      "       'Train_time (flt)', 'Flags (str)', 'Baren (int)'],\n",
      "      dtype='object') \n",
      " missmatch: set()\n",
      "No line with id {id} - there is nothing to read\n",
      "{'Id (int)': 4, 'Valid (int)': 1, 'Updated (str)': '2025-08-21 15:08:54', 'Matrix (mat)': array([[-0.09752368,  0.14000075, -0.24492045, -0.15916357, -0.17417211,\n",
      "         0.11496501,  0.07238723, -0.35226473, -0.54434901, -0.0154571 ],\n",
      "       [ 0.14000075, -0.10374326,  0.16179252,  0.02222062, -0.014087  ,\n",
      "        -0.07182502, -0.08049829, -0.10898215, -0.01665833, -0.0210652 ],\n",
      "       [-0.24492045,  0.16179252, -0.41416186, -0.14987991, -0.14007417,\n",
      "         0.08221012,  0.15746838, -0.13697221, -0.52823002, -0.03975133],\n",
      "       [-0.15916357,  0.02222062, -0.14987991,  0.1199999 ,  0.00572253,\n",
      "         0.04789511,  0.22242786,  0.22275718, -0.04434734,  0.05967807],\n",
      "       [-0.17417211, -0.014087  , -0.14007417,  0.00572253, -0.0377141 ,\n",
      "         0.0253971 ,  0.18460175,  0.07249598, -0.11695397,  0.07524344],\n",
      "       [ 0.11496501, -0.07182502,  0.08221012,  0.04789511,  0.0253971 ,\n",
      "        -0.03097667, -0.09010283, -0.07461149,  0.03610316, -0.07036569],\n",
      "       [ 0.07238723, -0.08049829,  0.15746838,  0.22242786,  0.18460175,\n",
      "        -0.09010283,  0.02148921,  0.41141532,  0.42564191,  0.01007729],\n",
      "       [-0.35226473, -0.10898215, -0.13697221,  0.22275718,  0.07249598,\n",
      "        -0.07461149,  0.41141532,  0.83892247,  0.27062293,  0.23616236],\n",
      "       [-0.54434901, -0.01665833, -0.52823002, -0.04434734, -0.11695397,\n",
      "         0.03610316,  0.42564191,  0.27062293, -0.36575584,  0.16995966],\n",
      "       [-0.0154571 , -0.0210652 , -0.03975133,  0.05967807,  0.07524344,\n",
      "        -0.07036569,  0.01007729,  0.23616236,  0.16995966, -0.0051137 ]]), 'Size (int)': 10, 'Type (str)': 'Stiff', 'Rank (int)': -1, 'Density (flt)': -1.0, 'Stiffness (flt)': 1.0, 'Penalty (flt)': 0, 'Other (flt)': 0, 'Test_solver (str)': 0, 'Test (flt)': 0, 'Test_state (vec)': 0, 'Test_iterations (int)': 0, 'Test_time (flt)': 0, 'Train_solver (str)': 0, 'Preprocessing (str)': 0, 'Postprocessing (str)': 0, 'Train (flt)': 0, 'Train_state (vec)': 0, 'Train_iterations (int)': 0, 'Train_iterations_1 (int)': 0, 'Train_iterations_2 (int)': 0, 'Train_iterations_3 (int)': 0, 'Train_cost (flt)': 0, 'Train_shots (int)': 0, 'Train_time (flt)': 0, 'Flags (str)': 0, 'Baren (int)': 0}\n",
      "Columns in data/stiffness/Stiffness_size_10_stiffs_[1.0, 10.0, 100.0, 1000.0, 10000.0, 100000.0, 1000000.0]_stepsize_0.25_shots_1000.csv are broken. Expected Index(['Id (int)', 'Valid (int)', 'Updated (str)', 'Matrix (mat)',\n",
      "       'Size (int)', 'Type (str)', 'Rank (int)', 'Density (flt)',\n",
      "       'Stiffness (flt)', 'Penalty (flt)', 'Other (flt)', 'Test_solver (str)',\n",
      "       'Test (flt)', 'Test_state (vec)', 'Test_iterations (int)',\n",
      "       'Test_time (flt)', 'Train_solver (str)', 'Preprocessing (str)',\n",
      "       'Postprocessing (str)', 'Train (flt)', 'Train_state (vec)',\n",
      "       'Train_iterations (int)', 'Train_iterations_1 (int)',\n",
      "       'Train_iterations_2 (int)', 'Train_iterations_3 (int)',\n",
      "       'Train_cost (flt)', 'Train_shots (int)', 'Train_time (flt)',\n",
      "       'Flags (str)', 'Baren (int)'],\n",
      "      dtype='object') and got Index(['Id (int)', 'Valid (int)', 'Updated (str)', 'Matrix (mat)',\n",
      "       'Size (int)', 'Type (str)', 'Rank (int)', 'Density (flt)',\n",
      "       'Stiffness (flt)', 'Other (flt)', 'Test_solver (str)', 'Test (flt)',\n",
      "       'Test_state (vec)', 'Test_iterations (int)', 'Test_time (flt)',\n",
      "       'Train_solver (str)', 'Preprocessing (str)', 'Postprocessing (str)',\n",
      "       'Train (flt)', 'Train_state (vec)', 'Train_iterations (int)',\n",
      "       'Train_iterations_1 (int)', 'Train_iterations_2 (int)',\n",
      "       'Train_iterations_3 (int)', 'Train_cost (flt)', 'Train_shots (int)',\n",
      "       'Train_time (flt)', 'Flags (str)', 'Baren (int)'],\n",
      "      dtype='object') \n",
      " missmatch: set()\n",
      "No line with id {id} - there is nothing to read\n",
      "{'Id (int)': 5, 'Valid (int)': 1, 'Updated (str)': '2025-08-21 15:25:22', 'Matrix (mat)': array([[ 3.18384543e-01, -1.47528959e-01, -5.75312709e-02,\n",
      "        -8.90663859e-02,  1.50789298e-01,  2.14565026e-01,\n",
      "        -2.18653457e-01,  1.19396350e-01,  1.41194520e-01,\n",
      "        -1.49089536e-01],\n",
      "       [-1.47528959e-01, -9.43429273e-02,  2.50864153e-01,\n",
      "        -1.15841936e-01, -6.09234996e-01,  6.93796297e-02,\n",
      "         3.82912110e-02,  1.96068122e-01, -3.90121175e-02,\n",
      "         1.89315177e-01],\n",
      "       [-5.75312709e-02,  2.50864153e-01,  3.17820778e-01,\n",
      "        -2.42191969e-01, -9.94182385e-02, -7.52916896e-02,\n",
      "         2.31702344e-01,  4.00003054e-01, -1.45568097e-01,\n",
      "        -3.87412666e-02],\n",
      "       [-8.90663859e-02, -1.15841936e-01, -2.42191969e-01,\n",
      "        -6.65493988e-02, -1.70352584e-01,  1.05101716e-01,\n",
      "         9.23483559e-02, -1.83321089e-01,  1.77371508e-01,\n",
      "        -4.15712244e-02],\n",
      "       [ 1.50789298e-01, -6.09234996e-01, -9.94182385e-02,\n",
      "        -1.70352584e-01, -8.40830949e-02,  4.00069647e-01,\n",
      "        -6.61210566e-02,  3.67431370e-02,  2.44506840e-01,\n",
      "        -4.08465482e-02],\n",
      "       [ 2.14565026e-01,  6.93796297e-02, -7.52916896e-02,\n",
      "         1.05101716e-01,  4.00069647e-01, -5.26122638e-02,\n",
      "        -9.10644381e-02, -1.48096826e-01, -1.52190246e-01,\n",
      "         2.70613380e-02],\n",
      "       [-2.18653457e-01,  3.82912110e-02,  2.31702344e-01,\n",
      "         9.23483559e-02, -6.61210566e-02, -9.10644381e-02,\n",
      "         5.47825181e-02,  1.89917026e-01, -2.52524973e-01,\n",
      "        -8.79318465e-02],\n",
      "       [ 1.19396350e-01,  1.96068122e-01,  4.00003054e-01,\n",
      "        -1.83321089e-01,  3.67431370e-02, -1.48096826e-01,\n",
      "         1.89917026e-01,  5.56248360e-04, -2.73965853e-01,\n",
      "         2.56219030e-01],\n",
      "       [ 1.41194520e-01, -3.90121175e-02, -1.45568097e-01,\n",
      "         1.77371508e-01,  2.44506840e-01, -1.52190246e-01,\n",
      "        -2.52524973e-01, -2.73965853e-01,  5.13125037e-02,\n",
      "        -6.59872486e-03],\n",
      "       [-1.49089536e-01,  1.89315177e-01, -3.87412666e-02,\n",
      "        -4.15712244e-02, -4.08465482e-02,  2.70613380e-02,\n",
      "        -8.79318465e-02,  2.56219030e-01, -6.59872486e-03,\n",
      "         2.30809735e-01]]), 'Size (int)': 10, 'Type (str)': 'Stiff', 'Rank (int)': -1, 'Density (flt)': -1.0, 'Stiffness (flt)': 1.0, 'Penalty (flt)': 0, 'Other (flt)': 0, 'Test_solver (str)': 0, 'Test (flt)': 0, 'Test_state (vec)': 0, 'Test_iterations (int)': 0, 'Test_time (flt)': 0, 'Train_solver (str)': 0, 'Preprocessing (str)': 0, 'Postprocessing (str)': 0, 'Train (flt)': 0, 'Train_state (vec)': 0, 'Train_iterations (int)': 0, 'Train_iterations_1 (int)': 0, 'Train_iterations_2 (int)': 0, 'Train_iterations_3 (int)': 0, 'Train_cost (flt)': 0, 'Train_shots (int)': 0, 'Train_time (flt)': 0, 'Flags (str)': 0, 'Baren (int)': 0}\n",
      "Columns in data/stiffness/Stiffness_size_10_stiffs_[1.0, 10.0, 100.0, 1000.0, 10000.0, 100000.0, 1000000.0]_stepsize_0.25_shots_1000.csv are broken. Expected Index(['Id (int)', 'Valid (int)', 'Updated (str)', 'Matrix (mat)',\n",
      "       'Size (int)', 'Type (str)', 'Rank (int)', 'Density (flt)',\n",
      "       'Stiffness (flt)', 'Penalty (flt)', 'Other (flt)', 'Test_solver (str)',\n",
      "       'Test (flt)', 'Test_state (vec)', 'Test_iterations (int)',\n",
      "       'Test_time (flt)', 'Train_solver (str)', 'Preprocessing (str)',\n",
      "       'Postprocessing (str)', 'Train (flt)', 'Train_state (vec)',\n",
      "       'Train_iterations (int)', 'Train_iterations_1 (int)',\n",
      "       'Train_iterations_2 (int)', 'Train_iterations_3 (int)',\n",
      "       'Train_cost (flt)', 'Train_shots (int)', 'Train_time (flt)',\n",
      "       'Flags (str)', 'Baren (int)'],\n",
      "      dtype='object') and got Index(['Id (int)', 'Valid (int)', 'Updated (str)', 'Matrix (mat)',\n",
      "       'Size (int)', 'Type (str)', 'Rank (int)', 'Density (flt)',\n",
      "       'Stiffness (flt)', 'Other (flt)', 'Test_solver (str)', 'Test (flt)',\n",
      "       'Test_state (vec)', 'Test_iterations (int)', 'Test_time (flt)',\n",
      "       'Train_solver (str)', 'Preprocessing (str)', 'Postprocessing (str)',\n",
      "       'Train (flt)', 'Train_state (vec)', 'Train_iterations (int)',\n",
      "       'Train_iterations_1 (int)', 'Train_iterations_2 (int)',\n",
      "       'Train_iterations_3 (int)', 'Train_cost (flt)', 'Train_shots (int)',\n",
      "       'Train_time (flt)', 'Flags (str)', 'Baren (int)'],\n",
      "      dtype='object') \n",
      " missmatch: set()\n",
      "No line with id {id} - there is nothing to read\n",
      "{'Id (int)': 6, 'Valid (int)': 1, 'Updated (str)': '2025-08-21 13:43:51', 'Matrix (mat)': array([[ 0.15582193, -0.20152832, -0.57518679,  0.04866085,  0.03745124,\n",
      "        -0.45890935, -0.02483271,  0.08224561, -0.01057103,  0.18579253],\n",
      "       [-0.20152832, -0.10141432, -0.38993085,  0.19860409, -0.10561279,\n",
      "        -0.0582289 , -0.18387327, -0.11920492,  0.16475434,  0.19175891],\n",
      "       [-0.57518679, -0.38993085,  0.02910357, -0.08211852, -0.00143826,\n",
      "        -0.01285871,  0.21495082, -0.15831972, -0.11511883,  0.40453253],\n",
      "       [ 0.04866085,  0.19860409, -0.08211852,  0.10357082, -0.06066056,\n",
      "        -0.41495966, -0.0322101 , -0.28397734,  0.0605936 ,  0.01997255],\n",
      "       [ 0.03745124, -0.10561279, -0.00143826, -0.06066056,  0.18159021,\n",
      "         0.25815558,  0.27971418, -0.12794066,  0.02188293,  0.38792435],\n",
