{
 "cells": [
  {
   "cell_type": "code",
   "execution_count": 2,
   "id": "49885595",
   "metadata": {},
   "outputs": [],
   "source": [
    "from preparator import Preparator \n",
    "import numpy as np \n",
    "from solver import Solver \n",
    "prep = Preparator()\n",
    "\n",
    "from preparator import Preparator \n",
    "from logger import Logger \n",
    "import pandas as pd \n",
    "from datetime import datetime\n",
    "import tqdm \n",
    "#Header\n",
    "# Id (int),\n",
    "# Valid (int),\n",
    "# Updated (str),\n",
    "# Matrix (mat),\n",
    "# Size (int),\n",
    "# Type (str),\n",
    "# Rank (int),\n",
    "# Density (flt),\n",
    "# Stiffness (flt),\n",
    "# Other (flt),\n",
    "# Test_solver (str),\n",
    "# Test (flt),\n",
    "# Test_state (vec),\n",
    "# Test_iterations (int),\n",
    "# Test_time (flt),\n",
    "# Train_solver (str),\n",
    "# Preprocessing (str),\n",
    "# Postprocessing (str),\n",
    "# Train (flt),\n",
    "# Train_state (vec),\n",
    "# Train (flt), \n",
    "# Train_iterations_1 (int),\n",
    "# Train_iterations_2 (int),\n",
    "# Train_iterations_3 (int),\n",
    "# Train_shots (int),\n",
    "# Train_cost (flt),\n",
    "# Train_time (flt),\n",
    "# Flags (str)\n",
    "# Baren (int)\n"
   ]
  },
  {
   "cell_type": "code",
   "execution_count": 3,
   "id": "ade76d81",
   "metadata": {},
   "outputs": [
    {
     "name": "stdout",
     "output_type": "stream",
     "text": [
      "Logfile data/stiffness/Stiffness_size_10_stiffs_[2.0, 20.0, 200.0, 2000.0, 20000.0, 200000.0, 2000000.0]_ansatz_CIA_stepsize_2.0_shots_1000.csv already exists\n"
     ]
    }
   ],
   "source": [
    "# Prepare source dataset \n",
    "\n",
    "source_name = 'data/stiffness/Stiffness_size_{size}_stiffs_{stiffs}_ansatz_{ansatz}_stepsize_{stepsize}_shots_{shots}.csv'\n",
    "\n",
    "k = 2\n",
    "\n",
    "Config = {\n",
    "    'size' : 10,\n",
    "    'stiffs' : [k * 1e0, k * 1e1, k * 1e2, k * 1e3, k * 1e4, k * 1e5, k * 1e6],\n",
    "    'stiff_count' : 200, \n",
    "    'shots' : 1000, \n",
    "    'stepsize' : 2.00, \n",
    "    'accepterr': [0.01,0.05,0.01], \n",
    "    'iterations_limit' : 1000, \n",
    "    'baren_err' : 0.01,\n",
    "    'baren_threshold': 10,\n",
    "    'ansatz' : 'CIA'\n",
    "}\n",
    "\n",
    "template = pd.read_csv('data/template.csv')\n",
    "\n",
    "log = Logger (log_template = template, log_path = source_name.format(size = Config['size'], stiffs = Config['stiffs'], stepsize = Config['stepsize'], shots = Config['shots'], ansatz = Config['ansatz']))\n",
    "exists = log.create_logfile()\n",
    "\n",
    "\n",
    "log_file, id = log._load_logfile()\n"
   ]
  },
  {
   "cell_type": "code",
   "execution_count": null,
   "id": "8c705c40",
   "metadata": {},
   "outputs": [
    {
     "name": "stderr",
     "output_type": "stream",
     "text": [
      "Generating matrices with stiffness 2.0: 100%|██████████| 150/150 [00:07<00:00, 20.51it/s]\n",
      "Generating matrices with stiffness 20.0: 100%|██████████| 150/150 [00:14<00:00, 10.61it/s]\n",
      "Generating matrices with stiffness 200.0: 100%|██████████| 150/150 [00:22<00:00,  6.65it/s]\n",
      "Generating matrices with stiffness 2000.0: 100%|██████████| 150/150 [00:28<00:00,  5.27it/s]\n",
      "Generating matrices with stiffness 20000.0: 100%|██████████| 150/150 [00:34<00:00,  4.36it/s]\n",
      "Generating matrices with stiffness 200000.0: 100%|██████████| 150/150 [00:40<00:00,  3.69it/s]\n",
      "Generating matrices with stiffness 2000000.0: 100%|██████████| 150/150 [00:47<00:00,  3.17it/s]"
     ]
    },
    {
     "name": "stdout",
     "output_type": "stream",
     "text": [
      "No line with id {id} - there is nothing to read\n"
     ]
    },
    {
     "name": "stderr",
     "output_type": "stream",
     "text": [
      "\n"
     ]
    },
    {
     "data": {
      "text/plain": [
       "{'Id (int)': 0,\n",
       " 'Valid (int)': 0,\n",
       " 'Updated (str)': 0,\n",
       " 'Matrix (mat)': 0,\n",
       " 'Size (int)': 0,\n",
       " 'Type (str)': 0,\n",
       " 'Rank (int)': 0,\n",
       " 'Density (flt)': 0,\n",
       " 'Stiffness (flt)': 0,\n",
       " 'Penalty (flt)': 0,\n",
       " 'Other (flt)': 0,\n",
       " 'Test_solver (str)': 0,\n",
       " 'Test (flt)': 0,\n",
       " 'Test_state (vec)': 0,\n",
       " 'Test_iterations (int)': 0,\n",
       " 'Test_time (flt)': 0,\n",
       " 'Train_solver (str)': 0,\n",
       " 'Preprocessing (str)': 0,\n",
       " 'Postprocessing (str)': 0,\n",
       " 'Train (flt)': 0,\n",
       " 'Train_state (vec)': 0,\n",
       " 'Train_iterations (int)': 0,\n",
       " 'Train_iterations_1 (int)': 0,\n",
       " 'Train_iterations_2 (int)': 0,\n",
       " 'Train_iterations_3 (int)': 0,\n",
       " 'Train_cost (flt)': 0,\n",
       " 'Train_shots (int)': 0,\n",
       " 'Train_time (flt)': 0,\n",
       " 'Flags (str)': 0,\n",
       " 'Baren (int)': 0}"
      ]
     },
     "metadata": {},
     "output_type": "display_data"
    }
   ],
   "source": [
    "\n",
    "\n",
    "for stiff in Config['stiffs']: \n",
    "    for i in tqdm.tqdm(range(Config['stiff_count']), desc = f\"Generating matrices with stiffness {stiff}\"):\n",
    "        \n",
    "        id += 1\n",
    "        matrix = prep.stiffnessPreparator(size = Config['size'], stiffness = stiff)\n",
    "        current_datetime = datetime.now()\n",
    "        data = { \n",
    "            'Id (int)' : id, \n",
    "            'Valid (int)' : 1, \n",
    "            'Updated (str)' : current_datetime.strftime(\"%Y-%m-%d %H:%M:%S\"),\n",
    "            'Matrix (mat)' : matrix,\n",
    "            'Size (int)' : Config['size'],\n",
    "            'Type (str)' : 'Stiff',\n",
    "            'Rank (int)' : -1,\n",
    "            'Density (flt)' : -1.0,\n",
    "            'Stiffness (flt)' : stiff,\n",
    "            'Penalty (flt)' : -1.0,\n",
    "            'Other (flt)' : -1.0,\n",
    "            'Test_solver (str)' : '-',\n",
    "            'Test (flt)' : -1.0,\n",
    "            'Test_state (vec)' : [],\n",
    "            'Test_iterations (int)' : -1,\n",
    "            'Test_time (flt)' : -1.0,\n",
    "            'Train_solver (str)' : '-',\n",
    "            'Preprocessing (str)' : '-',\n",
    "            'Postprocessing (str)' : '-',\n",
    "            'Train (flt)' : -1.0,\n",
    "            'Train_state (vec)' : [],\n",
    "            'Train_iterations (int)' : -1, \n",
    "            'Train_iterations_1 (int)' : -1,\n",
    "            'Train_iterations_2 (int)' : -1,\n",
    "            'Train_iterations_3 (int)' : -1,\n",
    "            'Train_shots (int)': -1, \n",
    "            'Train_cost (flt)' : -1.0,\n",
    "            'Train_time (flt)' : -1.0, \n",
    "            'Flags (str)' : '',\n",
    "            'Baren (int)' : -1\n",
    "        }\n",
    "        \n",
    "        log.log(data)\n",
    "\n",
    "    \n",
    "display(log.read(1))"
   ]
  },
  {
   "cell_type": "code",
   "execution_count": 27,
   "id": "9e49449d",
   "metadata": {},
   "outputs": [],
   "source": [
    "import pennylane as qml \n",
    "testdev = qml.device ('default.qubit', wires = Config['size'], shots = Config['shots'])\n"
   ]
  },
  {
   "cell_type": "code",
   "execution_count": 22,
   "id": "fd8af16d",
   "metadata": {},
   "outputs": [],
   "source": [
    "\n",
    "def test (ids : np.ndarray, solver : str = 'bruteforce', log_data : bool = False, progressbar : bool = False ):\n",
    "\n",
    "    ''' \n",
    "    ids : np.ndarray \n",
    "        a list of ids to compute \n",
    "    solver : str \n",
    "        solver to compute with \n",
    "    ''' \n",
    "    \n",
    "    tester = Solver(dev = testdev, ansatz = '')\n",
    "\n",
    "    if (progressbar):\n",
    "        id_range = tqdm(ids, desc = f\"Testing matrices with ids {min(ids)} <--> {max(ids)}\") \n",
    "    else: \n",
    "        id_range = ids\n",
    "    processed_data = []\n",
    "    for id in id_range:\n",
    "\n",
    "        data = log.read(id)\n",
    "\n",
    "        print(data)\n",
    "        def test_solver(Q : np.ndarray, solver : str = 'bruteforce'): \n",
    "            ''' \n",
    "            tester wrapped\n",
    "            '''\n",
    "\n",
    "            match solver: \n",
    "                case 'bruteforce':\n",
    "                    J, h = prep.isingForm(Q)\n",
    "                    return tester.checkIsing(J, h)\n",
    "                case 'GW':\n",
    "                    pass\n",
    "                case 'Annealing': \n",
    "                    pass\n",
    "            \n",
    "        Q = data['Matrix (mat)']\n",
    "\n",
    "        tested_data = data.copy()\n",
    "        \n",
    "        test, test_state, test_time = test_solver(Q)\n",
    "        current_datetime = datetime.now()\n",
    "\n",
    "        tested_data['Test (flt)'] = test \n",
    "        tested_data['Test_state (vec)'] = test_state[0].numpy()\n",
    "        tested_data['Test_time (flt)'] = test_time\n",
    "        tested_data['Test_solver (flt)'] = solver\n",
    "        tested_data['Updated (str)'] = current_datetime.strftime(\"%Y-%m-%d %H:%M:%S\")\n",
    "\n",
    "        processed_data.append(tested_data)\n",
    "\n",
    "        if (log_data): \n",
    "            log.log(tested_data, byid = True, Id = id)\n",
    "    return processed_data\n"
   ]
  },
  {
   "cell_type": "code",
   "execution_count": 42,
   "id": "be600689",
   "metadata": {},
   "outputs": [],
   "source": [
    "# test(range(1,21), solver = 'bruteforce')"
   ]
  },
  {
   "cell_type": "code",
   "execution_count": 23,
   "id": "1f006248",
   "metadata": {},
   "outputs": [
    {
     "data": {
      "text/plain": [
       "array([[ 351,  352,  353, ...,  453,  454,  455],\n",
       "       [ 456,  457,  458, ...,  558,  559,  560],\n",
       "       [ 561,  562,  563, ...,  663,  664,  665],\n",
       "       ...,\n",
       "       [1086, 1087, 1088, ..., 1188, 1189, 1190],\n",
       "       [1191, 1192, 1193, ..., 1293, 1294, 1295],\n",
       "       [1296, 1297, 1298, ..., 1398, 1399, 1400]], shape=(10, 105))"
      ]
     },
     "metadata": {},
     "output_type": "display_data"
    },
    {
     "name": "stdout",
     "output_type": "stream",
     "text": [
      "{'Id (int)': 771, 'Valid (int)': 1, 'Updated (str)': '2025-08-24 17:44:30', 'Matrix (mat)': array([[-0.05075609,  0.03966234,  0.05132007,  0.04450764,  0.05746069,\n",
      "         0.07660427,  0.1693327 ,  0.1543694 ,  0.08744905, -0.05847467],\n",
      "       [ 0.03966234, -0.09324341, -0.11228622, -0.12559345, -0.19059711,\n",
      "        -0.14048493, -0.28364719, -0.24820015, -0.18195364,  0.16414397],\n",
      "       [ 0.05132007, -0.11228622, -0.16480859, -0.14457937, -0.21899399,\n",
      "        -0.10439622, -0.41587498, -0.23741887, -0.19889378,  0.15565286],\n",
      "       [ 0.04450764, -0.12559345, -0.14457937, -0.11254271, -0.17037946,\n",
      "        -0.14658034, -0.2869438 , -0.19786129, -0.18296321,  0.18354602],\n",
      "       [ 0.05746069, -0.19059711, -0.21899399, -0.17037946, -0.26667646,\n",
      "        -0.18844498, -0.52326478, -0.35737434, -0.26205213,  0.19977053],\n",
      "       [ 0.07660427, -0.14048493, -0.10439622, -0.14658034, -0.18844498,\n",
      "        -0.1854326 , -0.43217475, -0.27355282, -0.24951041,  0.18821279],\n",
      "       [ 0.1693327 , -0.28364719, -0.41587498, -0.2869438 , -0.52326478,\n",
      "        -0.43217475, -1.        , -0.76475377, -0.44587975,  0.46049265],\n",
      "       [ 0.1543694 , -0.24820015, -0.23741887, -0.19786129, -0.35737434,\n",
      "        -0.27355282, -0.76475377, -0.64621937, -0.39272369,  0.37716978],\n",
      "       [ 0.08744905, -0.18195364, -0.19889378, -0.18296321, -0.26205213,\n",
      "        -0.24951041, -0.44587975, -0.39272369, -0.25726036,  0.21878912],\n",
      "       [-0.05847467,  0.16414397,  0.15565286,  0.18354602,  0.19977053,\n",
      "         0.18821279,  0.46049265,  0.37716978,  0.21878912, -0.19091467]]), 'Size (int)': 10, 'Type (str)': 'Stiff', 'Rank (int)': -1, 'Density (flt)': -1.0, 'Stiffness (flt)': 200.0, 'Penalty (flt)': -1.0, 'Other (flt)': -1.0, 'Test_solver (str)': '-', 'Test (flt)': -1.0, 'Test_state (vec)': 0, 'Test_iterations (int)': -1, 'Test_time (flt)': -1.0, 'Train_solver (str)': '-', 'Preprocessing (str)': '-', 'Postprocessing (str)': '-', 'Train (flt)': -1.0, 'Train_state (vec)': 0, 'Train_iterations (int)': -1, 'Train_iterations_1 (int)': -1, 'Train_iterations_2 (int)': -1, 'Train_iterations_3 (int)': -1, 'Train_cost (flt)': -1.0, 'Train_shots (int)': -1, 'Train_time (flt)': -1.0, 'Flags (str)': nan, 'Baren (int)': -1}{'Id (int)': 561, 'Valid (int)': 1, 'Updated (str)': '2025-08-24 17:44:02', 'Matrix (mat)': array([[-0.03763477,  0.39579843,  0.01112862, -0.37131811, -0.0891433 ,\n",
      "        -0.09878568, -0.81654566, -0.2563685 , -0.39077742, -0.3531386 ],\n",
      "       [ 0.39579843, -0.32178564, -0.31984822,  0.48994816, -0.16759204,\n",
      "         0.08707657,  0.48298894,  0.18105344, -0.16108768,  0.38681936],\n",
      "       [ 0.01112862, -0.31984822,  0.37408261, -0.35073743, -0.38227716,\n",
      "         0.08122503, -0.10225171,  0.15784311,  0.22919768, -0.11885077],\n",
      "       [-0.37131811,  0.48994816, -0.35073743, -0.55827667, -0.02875357,\n",
      "        -0.00749491, -0.51643168, -0.39148943, -0.03601378, -0.71230082],\n",
      "       [-0.0891433 , -0.16759204, -0.38227716, -0.02875357, -0.04505216,\n",
      "        -0.34292665, -0.10249018,  0.35068522, -0.24466179,  0.04979618],\n",
      "       [-0.09878568,  0.08707657,  0.08122503, -0.00749491, -0.34292665,\n",
      "         0.11079161,  0.46448256,  0.08623721, -0.07830978,  0.52141756],\n",
      "       [-0.81654566,  0.48298894, -0.10225171, -0.51643168, -0.10249018,\n",
      "         0.46448256, -0.88086922, -0.78497856, -0.1805327 , -0.80082472],\n",
      "       [-0.2563685 ,  0.18105344,  0.15784311, -0.39148943,  0.35068522,\n",
      "         0.08623721, -0.78497856, -0.75229992, -0.31592052, -0.72477215],\n",
      "       [-0.39077742, -0.16108768,  0.22919768, -0.03601378, -0.24466179,\n",
      "        -0.07830978, -0.1805327 , -0.31592052, -0.260929  , -0.6192246 ],\n",
      "       [-0.3531386 ,  0.38681936, -0.11885077, -0.71230082,  0.04979618,\n",
      "         0.52141756, -0.80082472, -0.72477215, -0.6192246 , -1.        ]]), 'Size (int)': 10, 'Type (str)': 'Stiff', 'Rank (int)': -1, 'Density (flt)': -1.0, 'Stiffness (flt)': 20.0, 'Penalty (flt)': -1.0, 'Other (flt)': -1.0, 'Test_solver (str)': '-', 'Test (flt)': -1.0, 'Test_state (vec)': 0, 'Test_iterations (int)': -1, 'Test_time (flt)': -1.0, 'Train_solver (str)': '-', 'Preprocessing (str)': '-', 'Postprocessing (str)': '-', 'Train (flt)': -1.0, 'Train_state (vec)': 0, 'Train_iterations (int)': -1, 'Train_iterations_1 (int)': -1, 'Train_iterations_2 (int)': -1, 'Train_iterations_3 (int)': -1, 'Train_cost (flt)': -1.0, 'Train_shots (int)': -1, 'Train_time (flt)': -1.0, 'Flags (str)': nan, 'Baren (int)': -1}{'Id (int)': 456, 'Valid (int)': 1, 'Updated (str)': '2025-08-24 17:43:55', 'Matrix (mat)': array([[ 0.25092013,  0.33318942, -0.84084108, -0.7110185 , -0.1397609 ,\n",
      "        -0.56898323, -0.1469129 ,  0.89953473,  0.1104727 ,  0.51681822],\n",
      "       [ 0.33318942, -0.60974947,  0.81415927,  0.23881351,  0.9074575 ,\n",
      "         0.21892829, -0.26819673, -0.09365947,  0.01283123,  0.22547538],\n",
      "       [-0.84084108,  0.81415927, -0.79874839, -0.80297466,  0.06312907,\n",
      "        -0.24760144, -0.29653901,  0.42787557, -0.00700246, -0.93176403],\n",
      "       [-0.7110185 ,  0.23881351, -0.80297466, -0.29390911,  0.7187429 ,\n",
      "        -0.16905651,  0.18107373,  0.79281277,  0.25082377,  0.32693057],\n",
      "       [-0.1397609 ,  0.9074575 ,  0.06312907,  0.7187429 , -0.60133142,\n",
      "        -0.35346998,  0.69118798, -0.33975228,  0.35003127,  0.5118208 ],\n",
      "       [-0.56898323,  0.21892829, -0.24760144, -0.16905651, -0.35346998,\n",
      "         0.18947798,  0.16628307,  0.04822364,  0.859685  , -0.20526778],\n",
      "       [-0.1469129 , -0.26819673, -0.29653901,  0.18107373,  0.69118798,\n",
      "         0.16628307,  0.8816012 ,  0.50846676, -0.19691369,  0.42581843],\n",
      "       [ 0.89953473, -0.09365947,  0.42787557,  0.79281277, -0.33975228,\n",
      "         0.04822364,  0.50846676,  0.18492856, -0.16388781, -0.57355837],\n",
      "       [ 0.1104727 ,  0.01283123, -0.00700246,  0.25082377,  0.35003127,\n",
      "         0.859685  , -0.19691369, -0.16388781,  0.69663219, -0.20279266],\n",
      "       [ 0.51681822,  0.22547538, -0.93176403,  0.32693057,  0.5118208 ,\n",
      "        -0.20526778,  0.42581843, -0.57355837, -0.20279266, -1.        ]]), 'Size (int)': 10, 'Type (str)': 'Stiff', 'Rank (int)': -1, 'Density (flt)': -1.0, 'Stiffness (flt)': 2.0, 'Penalty (flt)': -1.0, 'Other (flt)': -1.0, 'Test_solver (str)': '-', 'Test (flt)': -1.0, 'Test_state (vec)': 0, 'Test_iterations (int)': -1, 'Test_time (flt)': -1.0, 'Train_solver (str)': '-', 'Preprocessing (str)': '-', 'Postprocessing (str)': '-', 'Train (flt)': -1.0, 'Train_state (vec)': 0, 'Train_iterations (int)': -1, 'Train_iterations_1 (int)': -1, 'Train_iterations_2 (int)': -1, 'Train_iterations_3 (int)': -1, 'Train_cost (flt)': -1.0, 'Train_shots (int)': -1, 'Train_time (flt)': -1.0, 'Flags (str)': nan, 'Baren (int)': -1}{'Id (int)': 351, 'Valid (int)': 1, 'Updated (str)': '2025-08-24 17:43:50', 'Matrix (mat)': array([[ 0.66084384, -0.23592167, -0.78384994,  0.1199504 ,  0.39096473,\n",
      "        -0.33985356, -1.        , -0.3790505 , -0.34237436,  0.42032627],\n",
      "       [-0.23592167,  0.4119479 ,  0.04545946, -0.04359732,  0.08686376,\n",
      "        -0.07362135, -0.9810213 , -0.26861811, -0.02005994,  0.47303552],\n",
      "       [-0.78384994,  0.04545946,  0.45335569, -0.02394186,  0.32525088,\n",
      "         0.14406187, -0.13680859, -0.19208728, -0.09415713, -0.11962479],\n",
      "       [ 0.1199504 , -0.04359732, -0.02394186, -0.30438704,  0.11995207,\n",
      "        -0.29838883,  0.09364553,  0.12494969,  0.91573558,  0.70701974],\n",
      "       [ 0.39096473,  0.08686376,  0.32525088,  0.11995207,  0.69227164,\n",
      "         0.10454061,  0.26051226,  0.48432372, -0.28159822, -0.35053453],\n",
      "       [-0.33985356, -0.07362135,  0.14406187, -0.29838883,  0.10454061,\n",
      "         0.57465889, -0.27496601,  0.09924452,  0.08797822, -0.07307761],\n",
      "       [-1.        , -0.9810213 , -0.13680859,  0.09364553,  0.26051226,\n",
      "        -0.27496601,  0.37327474, -0.72604474, -0.32076635, -0.32548139],\n",
      "       [-0.3790505 , -0.26861811, -0.19208728,  0.12494969,  0.48432372,\n",
      "         0.09924452, -0.72604474,  0.37043036,  0.24251377,  0.03686251],\n",
      "       [-0.34237436, -0.02005994, -0.09415713,  0.91573558, -0.28159822,\n",
      "         0.08797822, -0.32076635,  0.24251377,  0.08912306, -0.55642062],\n",
      "       [ 0.42032627,  0.47303552, -0.11962479,  0.70701974, -0.35053453,\n",
      "        -0.07307761, -0.32548139,  0.03686251, -0.55642062, -0.45910425]]), 'Size (int)': 10, 'Type (str)': 'Stiff', 'Rank (int)': -1, 'Density (flt)': -1.0, 'Stiffness (flt)': 2.0, 'Penalty (flt)': -1.0, 'Other (flt)': -1.0, 'Test_solver (str)': '-', 'Test (flt)': -1.0, 'Test_state (vec)': 0, 'Test_iterations (int)': -1, 'Test_time (flt)': -1.0, 'Train_solver (str)': '-', 'Preprocessing (str)': '-', 'Postprocessing (str)': '-', 'Train (flt)': -1.0, 'Train_state (vec)': 0, 'Train_iterations (int)': -1, 'Train_iterations_1 (int)': -1, 'Train_iterations_2 (int)': -1, 'Train_iterations_3 (int)': -1, 'Train_cost (flt)': -1.0, 'Train_shots (int)': -1, 'Train_time (flt)': -1.0, 'Flags (str)': nan, 'Baren (int)': -1}\n",
      "\n",
      "\n",
      "\n",
      "{'Id (int)': 981, 'Valid (int)': 1, 'Updated (str)': '2025-08-24 17:45:09', 'Matrix (mat)': array([[-6.89914112e-01,  9.67157599e-02, -5.02559669e-01,\n",
      "        -6.09960087e-01,  3.91594118e-01,  7.52098312e-01,\n",
      "        -5.16774033e-01,  3.11670940e-01,  1.63428279e-02,\n",
      "        -8.33036187e-01],\n",
      "       [ 9.67157599e-02, -8.41709764e-03,  7.55202494e-02,\n",
      "         8.82492311e-02, -5.58944270e-02, -1.08076562e-01,\n",
      "         7.52811824e-02, -4.27666561e-02, -9.15738537e-04,\n",
      "         1.17272476e-01],\n",
      "       [-5.02559669e-01,  7.55202494e-02, -3.66813998e-01,\n",
      "        -4.43333537e-01,  2.85438448e-01,  5.48950046e-01,\n",
      "        -3.75675459e-01,  2.23673083e-01,  8.21446349e-03,\n",
      "        -6.07319304e-01],\n",
      "       [-6.09960087e-01,  8.82492311e-02, -4.43333537e-01,\n",
      "        -5.32199346e-01,  3.43676859e-01,  6.59108551e-01,\n",
      "        -4.53404539e-01,  2.73037945e-01,  1.27727832e-02,\n",
      "        -7.26603080e-01],\n",
      "       [ 3.91594118e-01, -5.58944270e-02,  2.85438448e-01,\n",
      "         3.43676859e-01, -2.16546847e-01, -4.25900627e-01,\n",
      "         2.94700896e-01, -1.70746737e-01, -1.34371505e-02,\n",
      "         4.69427966e-01],\n",
      "       [ 7.52098312e-01, -1.08076562e-01,  5.48950046e-01,\n",
      "         6.59108551e-01, -4.25900627e-01, -8.23604865e-01,\n",
      "         5.61685740e-01, -3.38266777e-01, -1.95654422e-02,\n",
      "         9.04328512e-01],\n",
      "       [-5.16774033e-01,  7.52811824e-02, -3.75675459e-01,\n",
      "        -4.53404539e-01,  2.94700896e-01,  5.61685740e-01,\n",
      "        -3.86586342e-01,  2.33308282e-01,  1.41195751e-02,\n",
      "        -6.23034800e-01],\n",
      "       [ 3.11670940e-01, -4.27666561e-02,  2.23673083e-01,\n",
      "         2.73037945e-01, -1.70746737e-01, -3.38266777e-01,\n",
      "         2.33308282e-01, -1.33552874e-01, -4.36381854e-03,\n",
      "         3.69265703e-01],\n",
      "       [ 1.63428279e-02, -9.15738537e-04,  8.21446349e-03,\n",
      "         1.27727832e-02, -1.34371505e-02, -1.95654422e-02,\n",
      "         1.41195751e-02, -4.36381854e-03,  3.56499195e-04,\n",
      "         1.79574420e-02],\n",
      "       [-8.33036187e-01,  1.17272476e-01, -6.07319304e-01,\n",
      "        -7.26603080e-01,  4.69427966e-01,  9.04328512e-01,\n",
      "        -6.23034800e-01,  3.69265703e-01,  1.79574420e-02,\n",
      "        -1.00000000e+00]]), 'Size (int)': 10, 'Type (str)': 'Stiff', 'Rank (int)': -1, 'Density (flt)': -1.0, 'Stiffness (flt)': 20000.0, 'Penalty (flt)': -1.0, 'Other (flt)': -1.0, 'Test_solver (str)': '-', 'Test (flt)': -1.0, 'Test_state (vec)': 0, 'Test_iterations (int)': -1, 'Test_time (flt)': -1.0, 'Train_solver (str)': '-', 'Preprocessing (str)': '-', 'Postprocessing (str)': '-', 'Train (flt)': -1.0, 'Train_state (vec)': 0, 'Train_iterations (int)': -1, 'Train_iterations_1 (int)': -1, 'Train_iterations_2 (int)': -1, 'Train_iterations_3 (int)': -1, 'Train_cost (flt)': -1.0, 'Train_shots (int)': -1, 'Train_time (flt)': -1.0, 'Flags (str)': nan, 'Baren (int)': -1}{'Id (int)': 1086, 'Valid (int)': 1, 'Updated (str)': '2025-08-24 17:45:34', 'Matrix (mat)': array([[-0.04099609, -0.19777699,  0.2014972 ,  0.0741628 ,  0.01739785,\n",
      "        -0.14494567, -0.19922498, -0.07764335, -0.02067914,  0.10847799],\n",
      "       [-0.19777699, -0.96392158,  0.98137869,  0.36213541,  0.08475562,\n",
      "        -0.70723489, -0.97099273, -0.3781231 , -0.10106681,  0.52890062],\n",
      "       [ 0.2014972 ,  0.98137869, -1.        , -0.36872925, -0.08648838,\n",
      "         0.72025672,  0.98903029,  0.38516329,  0.10302308, -0.53873343],\n",
      "       [ 0.0741628 ,  0.36213541, -0.36872925, -0.13626779, -0.03206292,\n",
      "         0.26542277,  0.36477879,  0.14205123,  0.03784924, -0.19868059],\n",
      "       [ 0.01739785,  0.08475562, -0.08648838, -0.03206292, -0.00790274,\n",
      "         0.06239384,  0.08552766,  0.03333413,  0.00893739, -0.04661555],\n",
      "       [-0.14494567, -0.70723489,  0.72025672,  0.26542277,  0.06239384,\n",
      "        -0.51929953, -0.71251054, -0.27752257, -0.07408236,  0.38808963],\n",
      "       [-0.19922498, -0.97099273,  0.98903029,  0.36477879,  0.08552766,\n",
      "        -0.71251054, -0.97897697, -0.38105201, -0.10183585,  0.53296849],\n",
      "       [-0.07764335, -0.3781231 ,  0.38516329,  0.14205123,  0.03333413,\n",
      "        -0.27752257, -0.38105201, -0.14898592, -0.03967414,  0.20759525],\n",
      "       [-0.02067914, -0.10106681,  0.10302308,  0.03784924,  0.00893739,\n",
      "        -0.07408236, -0.10183585, -0.03967414, -0.01112381,  0.05540507],\n",
      "       [ 0.10847799,  0.52890062, -0.53873343, -0.19868059, -0.04661555,\n",
      "         0.38808963,  0.53296849,  0.20759525,  0.05540507, -0.29079607]]), 'Size (int)': 10, 'Type (str)': 'Stiff', 'Rank (int)': -1, 'Density (flt)': -1.0, 'Stiffness (flt)': 20000.0, 'Penalty (flt)': -1.0, 'Other (flt)': -1.0, 'Test_solver (str)': '-', 'Test (flt)': -1.0, 'Test_state (vec)': 0, 'Test_iterations (int)': -1, 'Test_time (flt)': -1.0, 'Train_solver (str)': '-', 'Preprocessing (str)': '-', 'Postprocessing (str)': '-', 'Train (flt)': -1.0, 'Train_state (vec)': 0, 'Train_iterations (int)': -1, 'Train_iterations_1 (int)': -1, 'Train_iterations_2 (int)': -1, 'Train_iterations_3 (int)': -1, 'Train_cost (flt)': -1.0, 'Train_shots (int)': -1, 'Train_time (flt)': -1.0, 'Flags (str)': nan, 'Baren (int)': -1}{'Id (int)': 876, 'Valid (int)': 1, 'Updated (str)': '2025-08-24 17:44:47', 'Matrix (mat)': array([[-0.23897994,  0.2435955 ,  0.29596655, -0.23459444,  0.38204517,\n",
      "         0.17661244, -0.49137929,  0.02602022, -0.2927533 , -0.21422668],\n",
      "       [ 0.2435955 , -0.25498583, -0.3030526 ,  0.24340322, -0.39129433,\n",
      "        -0.17542909,  0.50070834, -0.0279577 ,  0.29756377,  0.21348972],\n",
      "       [ 0.29596655, -0.3030526 , -0.36481352,  0.28955145, -0.47122337,\n",
      "        -0.21459754,  0.60863258, -0.03707099,  0.35924879,  0.25990327],\n",
      "       [-0.23459444,  0.24340322,  0.28955145, -0.2291966 ,  0.36803063,\n",
      "         0.1672794 , -0.47822045,  0.02514094, -0.28517888, -0.20810285],\n",
      "       [ 0.38204517, -0.39129433, -0.47122337,  0.36803063, -0.60863325,\n",
      "        -0.27842749,  0.77837339, -0.04159059,  0.46555348,  0.33554438],\n",
      "       [ 0.17661244, -0.17542909, -0.21459754,  0.1672794 , -0.27842749,\n",
      "        -0.12690097,  0.35618598, -0.0182907 ,  0.21384536,  0.15543829],\n",
      "       [-0.49137929,  0.50070834,  0.60863258, -0.47822045,  0.77837339,\n",
      "         0.35618598, -1.        ,  0.06057528, -0.59737879, -0.43143801],\n",
      "       [ 0.02602022, -0.0279577 , -0.03707099,  0.02514094, -0.04159059,\n",
      "        -0.0182907 ,  0.06057528, -0.00179036,  0.03071046,  0.0224952 ],\n",
      "       [-0.2927533 ,  0.29756377,  0.35924879, -0.28517888,  0.46555348,\n",
      "         0.21384536, -0.59737879,  0.03071046, -0.35398261, -0.260169  ],\n",
      "       [-0.21422668,  0.21348972,  0.25990327, -0.20810285,  0.33554438,\n",
      "         0.15543829, -0.43143801,  0.0224952 , -0.260169  , -0.18740346]]), 'Size (int)': 10, 'Type (str)': 'Stiff', 'Rank (int)': -1, 'Density (flt)': -1.0, 'Stiffness (flt)': 2000.0, 'Penalty (flt)': -1.0, 'Other (flt)': -1.0, 'Test_solver (str)': '-', 'Test (flt)': -1.0, 'Test_state (vec)': 0, 'Test_iterations (int)': -1, 'Test_time (flt)': -1.0, 'Train_solver (str)': '-', 'Preprocessing (str)': '-', 'Postprocessing (str)': '-', 'Train (flt)': -1.0, 'Train_state (vec)': 0, 'Train_iterations (int)': -1, 'Train_iterations_1 (int)': -1, 'Train_iterations_2 (int)': -1, 'Train_iterations_3 (int)': -1, 'Train_cost (flt)': -1.0, 'Train_shots (int)': -1, 'Train_time (flt)': -1.0, 'Flags (str)': nan, 'Baren (int)': -1}\n",
      "\n",
      "\n",
      "{'Id (int)': 1191, 'Valid (int)': 1, 'Updated (str)': '2025-08-24 17:45:59', 'Matrix (mat)': array([[-0.23123045, -0.46919292, -0.48092529, -0.43039464,  0.01703865,\n",
      "        -0.21270189,  0.06936097,  0.28521539, -0.36241056,  0.22073234],\n",
      "       [-0.46919292, -0.9517862 , -0.97554002, -0.87302188,  0.03482685,\n",
      "        -0.43157852,  0.14082556,  0.57839347, -0.73506009,  0.44769554],\n",
      "       [-0.48092529, -0.97554002, -1.        , -0.89480994,  0.03564546,\n",
      "        -0.44237152,  0.14433881,  0.59291342, -0.75347702,  0.45894704],\n",
      "       [-0.43039464, -0.87302188, -0.89480994, -0.80080679,  0.03185888,\n",
      "        -0.39579806,  0.12916235,  0.53056967, -0.67413427,  0.41080777],\n",
      "       [ 0.01703865,  0.03482685,  0.03564546,  0.03185888, -0.00124242,\n",
      "         0.01576049, -0.00510847, -0.02114613,  0.02680819, -0.01637303],\n",
      "       [-0.21270189, -0.43157852, -0.44237152, -0.39579806,  0.01576049,\n",
      "        -0.19572639,  0.06388233,  0.26226639, -0.33326017,  0.20307264],\n",
      "       [ 0.06936097,  0.14082556,  0.14433881,  0.12916235, -0.00510847,\n",
      "         0.06388233, -0.02081695, -0.08568819,  0.10866021, -0.06626279],\n",
      "       [ 0.28521539,  0.57839347,  0.59291342,  0.53056967, -0.02114613,\n",
      "         0.26226639, -0.08568819, -0.35156685,  0.44661829, -0.27217134],\n",
      "       [-0.36241056, -0.73506009, -0.75347702, -0.67413427,  0.02680819,\n",
      "        -0.33326017,  0.10866021,  0.44661829, -0.56754813,  0.34569237],\n",
      "       [ 0.22073234,  0.44769554,  0.45894704,  0.41080777, -0.01637303,\n",
      "         0.20307264, -0.06626279, -0.27217134,  0.34569237, -0.21049519]]), 'Size (int)': 10, 'Type (str)': 'Stiff', 'Rank (int)': -1, 'Density (flt)': -1.0, 'Stiffness (flt)': 200000.0, 'Penalty (flt)': -1.0, 'Other (flt)': -1.0, 'Test_solver (str)': '-', 'Test (flt)': -1.0, 'Test_state (vec)': 0, 'Test_iterations (int)': -1, 'Test_time (flt)': -1.0, 'Train_solver (str)': '-', 'Preprocessing (str)': '-', 'Postprocessing (str)': '-', 'Train (flt)': -1.0, 'Train_state (vec)': 0, 'Train_iterations (int)': -1, 'Train_iterations_1 (int)': -1, 'Train_iterations_2 (int)': -1, 'Train_iterations_3 (int)': -1, 'Train_cost (flt)': -1.0, 'Train_shots (int)': -1, 'Train_time (flt)': -1.0, 'Flags (str)': nan, 'Baren (int)': -1}{'Id (int)': 666, 'Valid (int)': 1, 'Updated (str)': '2025-08-24 17:44:13', 'Matrix (mat)': array([[ 0.05997784,  0.35012193, -0.05541873, -0.14865776, -0.60581149,\n",
      "         0.15607087, -0.31995793,  0.082133  , -1.        ,  0.80017537],\n",
      "       [ 0.35012193, -0.79716779, -0.02116878,  0.12634942,  0.02837126,\n",
      "         0.46757398, -0.17618565, -0.7808925 , -0.59540655, -0.27746725],\n",
      "       [-0.05541873, -0.02116878, -0.41863021, -0.58208598,  0.20541152,\n",
      "         0.02096451, -0.14903493,  0.19701066, -0.19571556, -0.54514243],\n",
      "       [-0.14865776,  0.12634942, -0.58208598, -0.61576495, -0.06283006,\n",
      "        -0.07483644,  0.44478508,  0.63723074,  0.18106408, -0.70406962],\n",
      "       [-0.60581149,  0.02837126,  0.20541152, -0.06283006, -0.57522579,\n",
      "        -0.40944021,  0.47087746,  0.27784465,  0.04164484, -0.2585503 ],\n",
      "       [ 0.15607087,  0.46757398,  0.02096451, -0.07483644, -0.40944021,\n",
      "        -0.68221281, -0.00732103, -0.27774244, -0.18388684,  0.91245989],\n",
      "       [-0.31995793, -0.17618565, -0.14903493,  0.44478508,  0.47087746,\n",
      "        -0.00732103,  0.65262513,  0.20431908,  0.02623735, -0.60870309],\n",
      "       [ 0.082133  , -0.7808925 ,  0.19701066,  0.63723074,  0.27784465,\n",
      "        -0.27774244,  0.20431908,  0.24613982,  0.31417607,  0.09203371],\n",
      "       [-1.        , -0.59540655, -0.19571556,  0.18106408,  0.04164484,\n",
      "        -0.18388684,  0.02623735,  0.31417607, -0.96625862, -0.25289044],\n",
      "       [ 0.80017537, -0.27746725, -0.54514243, -0.70406962, -0.2585503 ,\n",
      "         0.91245989, -0.60870309,  0.09203371, -0.25289044,  0.19225674]]), 'Size (int)': 10, 'Type (str)': 'Stiff', 'Rank (int)': -1, 'Density (flt)': -1.0, 'Stiffness (flt)': 200.0, 'Penalty (flt)': -1.0, 'Other (flt)': -1.0, 'Test_solver (str)': '-', 'Test (flt)': -1.0, 'Test_state (vec)': 0, 'Test_iterations (int)': -1, 'Test_time (flt)': -1.0, 'Train_solver (str)': '-', 'Preprocessing (str)': '-', 'Postprocessing (str)': '-', 'Train (flt)': -1.0, 'Train_state (vec)': 0, 'Train_iterations (int)': -1, 'Train_iterations_1 (int)': -1, 'Train_iterations_2 (int)': -1, 'Train_iterations_3 (int)': -1, 'Train_cost (flt)': -1.0, 'Train_shots (int)': -1, 'Train_time (flt)': -1.0, 'Flags (str)': nan, 'Baren (int)': -1}{'Id (int)': 1296, 'Valid (int)': 1, 'Updated (str)': '2025-08-24 17:46:30', 'Matrix (mat)': array([[-0.74908133,  0.089879  , -0.55106634, -0.46955095,  0.22514178,\n",
      "         0.53435921, -0.86548917, -0.74634059,  0.62459742, -0.09751989],\n",
      "       [ 0.089879  , -0.01078215,  0.06611681,  0.05633942, -0.02701289,\n",
      "        -0.06411659,  0.10384181,  0.08955005, -0.07494551,  0.01170082],\n",
      "       [-0.55106634,  0.06611681, -0.40539212, -0.34542185,  0.16562237,\n",
      "         0.39310385, -0.63670712, -0.54904906,  0.45949053, -0.07173814],\n",
      "       [-0.46955095,  0.05633942, -0.34542185, -0.29432919,  0.14112821,\n",
      "         0.33495791, -0.54252426, -0.46783368,  0.39152003, -0.06113015],\n",
      "       [ 0.22514178, -0.02701289,  0.16562237,  0.14112821, -0.06766331,\n",
      "        -0.16060816,  0.26012785,  0.22432053, -0.18772701,  0.02931222],\n",
      "       [ 0.53435921, -0.06411659,  0.39310385,  0.33495791, -0.16060816,\n",
      "        -0.38119051,  0.61740484,  0.53241124, -0.44556208,  0.06956242],\n",
      "       [-0.86548917,  0.10384181, -0.63670712, -0.54252426,  0.26012785,\n",
      "         0.61740484, -1.        , -0.86233023,  0.72166987, -0.11267561],\n",
      "       [-0.74634059,  0.08955005, -0.54904906, -0.46783368,  0.22432053,\n",
      "         0.53241124, -0.86233023, -0.74360901,  0.62232037, -0.09716027],\n",
      "       [ 0.62459742, -0.07494551,  0.45949053,  0.39152003, -0.18772701,\n",
      "        -0.44556208,  0.72166987,  0.62232037, -0.52081058,  0.08131522],\n",
      "       [-0.09751989,  0.01170082, -0.07173814, -0.06113015,  0.02931222,\n",
      "         0.06956242, -0.11267561, -0.09716027,  0.08131522, -0.01269923]]), 'Size (int)': 10, 'Type (str)': 'Stiff', 'Rank (int)': -1, 'Density (flt)': -1.0, 'Stiffness (flt)': 2000000.0, 'Penalty (flt)': -1.0, 'Other (flt)': -1.0, 'Test_solver (str)': '-', 'Test (flt)': -1.0, 'Test_state (vec)': 0, 'Test_iterations (int)': -1, 'Test_time (flt)': -1.0, 'Train_solver (str)': '-', 'Preprocessing (str)': '-', 'Postprocessing (str)': '-', 'Train (flt)': -1.0, 'Train_state (vec)': 0, 'Train_iterations (int)': -1, 'Train_iterations_1 (int)': -1, 'Train_iterations_2 (int)': -1, 'Train_iterations_3 (int)': -1, 'Train_cost (flt)': -1.0, 'Train_shots (int)': -1, 'Train_time (flt)': -1.0, 'Flags (str)': nan, 'Baren (int)': -1}\n",
      "\n",
      "\n",
      "{'Id (int)': 352, 'Valid (int)': 1, 'Updated (str)': '2025-08-24 17:43:50', 'Matrix (mat)': array([[-0.45100875,  0.11632229,  0.29300572,  0.32888254,  0.25930147,\n",
      "         0.54773296, -0.15740167, -0.00243859, -0.26062822,  0.26185337],\n",
      "       [ 0.11632229, -0.82968307, -0.15272792,  0.023405  , -0.57427322,\n",
      "         0.41791947, -0.18036977,  0.09736792, -0.16039335, -0.04628957],\n",
      "       [ 0.29300572, -0.15272792,  0.12641422,  0.09249909, -0.50963374,\n",
      "         0.26346578, -0.14146394,  0.51478787,  0.52249412, -0.15406324],\n",
      "       [ 0.32888254,  0.023405  ,  0.09249909, -0.55192451,  0.17864925,\n",
      "         0.5230277 ,  0.4055715 ,  0.46493417, -0.18116575,  0.28326678],\n",
      "       [ 0.25930147, -0.57427322, -0.50963374,  0.17864925, -0.08477925,\n",
      "        -0.36668693,  0.73444185,  0.50811646, -0.54892183, -0.43079938],\n",
      "       [ 0.54773296,  0.41791947,  0.26346578,  0.5230277 , -0.36668693,\n",
      "        -1.        , -0.04963479, -0.10930266,  0.1768822 ,  0.55355519],\n",
      "       [-0.15740167, -0.18036977, -0.14146394,  0.4055715 ,  0.73444185,\n",
      "        -0.04963479, -0.45763293, -0.09117907, -0.37059572, -0.00112421],\n",
      "       [-0.00243859,  0.09736792,  0.51478787,  0.46493417,  0.50811646,\n",
      "        -0.10930266, -0.09117907,  0.70226031,  0.38695593, -0.24693005],\n",
      "       [-0.26062822, -0.16039335,  0.52249412, -0.18116575, -0.54892183,\n",
      "         0.1768822 , -0.37059572,  0.38695593, -0.00766512, -0.28648386],\n",
      "       [ 0.26185337, -0.04628957, -0.15406324,  0.28326678, -0.43079938,\n",
      "         0.55355519, -0.00112421, -0.24693005, -0.28648386,  0.22294351]]), 'Size (int)': 10, 'Type (str)': 'Stiff', 'Rank (int)': -1, 'Density (flt)': -1.0, 'Stiffness (flt)': 2.0, 'Penalty (flt)': -1.0, 'Other (flt)': -1.0, 'Test_solver (str)': '-', 'Test (flt)': -1.0, 'Test_state (vec)': 0, 'Test_iterations (int)': -1, 'Test_time (flt)': -1.0, 'Train_solver (str)': '-', 'Preprocessing (str)': '-', 'Postprocessing (str)': '-', 'Train (flt)': -1.0, 'Train_state (vec)': 0, 'Train_iterations (int)': -1, 'Train_iterations_1 (int)': -1, 'Train_iterations_2 (int)': -1, 'Train_iterations_3 (int)': -1, 'Train_cost (flt)': -1.0, 'Train_shots (int)': -1, 'Train_time (flt)': -1.0, 'Flags (str)': nan, 'Baren (int)': -1}\n",
      "{'Id (int)': 877, 'Valid (int)': 1, 'Updated (str)': '2025-08-24 17:44:47', 'Matrix (mat)': array([[-2.30158427e-01,  2.31172294e-01,  8.38666898e-02,\n",
      "         6.74602154e-02,  2.29059348e-01,  2.74006952e-01,\n",
      "         8.76957491e-03, -4.79037362e-01,  1.24138377e-01,\n",
      "        -2.53191544e-01],\n",
      "       [ 2.31172294e-01, -2.34764292e-01, -8.15052664e-02,\n",
      "        -6.76543957e-02, -2.30834569e-01, -2.82293831e-01,\n",
      "        -5.20838340e-03,  4.75932901e-01, -1.31142592e-01,\n",
      "         2.56514088e-01],\n",
      "       [ 8.38666898e-02, -8.15052664e-02, -3.51313433e-02,\n",
      "        -1.94925486e-02, -8.11159169e-02, -1.03301784e-01,\n",
      "        -4.19444846e-03,  1.77420978e-01, -4.87122635e-02,\n",
      "         9.92696308e-02],\n",
      "       [ 6.74602154e-02, -6.76543957e-02, -1.94925486e-02,\n",
      "        -2.09871689e-02, -6.97092112e-02, -8.56510982e-02,\n",
      "        -2.19034518e-03,  1.46408392e-01, -3.97365824e-02,\n",
      "         8.03149766e-02],\n",
      "       [ 2.29059348e-01, -2.30834569e-01, -8.11159169e-02,\n",
      "        -6.97092112e-02, -2.32353290e-01, -2.82199689e-01,\n",
      "        -6.15662974e-03,  4.79789216e-01, -1.26060199e-01,\n",
      "         2.62592372e-01],\n",
      "       [ 2.74006952e-01, -2.82293831e-01, -1.03301784e-01,\n",
      "        -8.56510982e-02, -2.82199689e-01, -3.50547897e-01,\n",
      "        -7.86608434e-03,  5.88263657e-01, -1.54171500e-01,\n",
      "         3.11963298e-01],\n",
      "       [ 8.76957491e-03, -5.20838340e-03, -4.19444846e-03,\n",
      "        -2.19034518e-03, -6.15662974e-03, -7.86608434e-03,\n",
      "         7.57025984e-04,  1.35048163e-02, -9.50632499e-03,\n",
      "         1.11235859e-02],\n",
      "       [-4.79037362e-01,  4.75932901e-01,  1.77420978e-01,\n",
      "         1.46408392e-01,  4.79789216e-01,  5.88263657e-01,\n",
      "         1.35048163e-02, -1.00000000e+00,  2.69153275e-01,\n",
