{
 "cells": [
  {
   "cell_type": "code",
   "execution_count": 12,
   "id": "49885595",
   "metadata": {},
   "outputs": [],
   "source": [
    "from preparator import Preparator \n",
    "import numpy as np \n",
    "from solver import Solver \n",
    "prep = Preparator()\n",
    "\n",
    "from preparator import Preparator \n",
    "from logger import Logger \n",
    "import pandas as pd \n",
    "from datetime import datetime\n",
    "import tqdm \n",
    "#Header\n",
    "# Id (int),\n",
    "# Valid (int),\n",
    "# Updated (str),\n",
    "# Matrix (mat),\n",
    "# Size (int),\n",
    "# Type (str),\n",
    "# Rank (int),\n",
    "# Density (flt),\n",
    "# Stiffness (flt),\n",
    "# Other (flt),\n",
    "# Test_solver (str),\n",
    "# Test (flt),\n",
    "# Test_state (vec),\n",
    "# Test_iterations (int),\n",
    "# Test_time (flt),\n",
    "# Train_solver (str),\n",
    "# Preprocessing (str),\n",
    "# Postprocessing (str),\n",
    "# Train (flt),\n",
    "# Train_state (vec),\n",
    "# Train_iterations_1 (int),\n",
    "# Train_iterations_2 (int),\n",
    "# Train_iterations_3 (int),\n",
    "# Train_shots (int),\n",
    "# Train_cost (flt),\n",
    "# Train_time (flt),\n",
    "# Baren_flag (str)\n",
    "\n"
   ]
  },
  {
   "cell_type": "code",
   "execution_count": 20,
   "id": "ade76d81",
   "metadata": {},
   "outputs": [
    {
     "name": "stdout",
     "output_type": "stream",
     "text": [
      "Logfile data/stiffness/Stiffness_size_10_stiffs_[1.0, 10.0, 100.0, 1000.0, 10000.0, 100000.0, 1000000.0]_stepsize_0.25_shots_1000.csv already exists\n"
     ]
    }
   ],
   "source": [
    "# Prepare source dataset \n",
    "\n",
    "source_name = 'data/stiffness/Stiffness_size_{size}_stiffs_{stiffs}_stepsize_{stepsize}_shots_{shots}.csv'\n",
    "\n",
    "Config = {\n",
    "    'size' : 10,\n",
    "    'stiffs' : [1e0, 1e1, 1e2, 1e3, 1e4, 1e5, 1e6],\n",
    "    'stiff_count' : 10, \n",
    "    'shots' : 1000, \n",
    "    'stepsize' : 0.25, \n",
    "    'accepterr': [0.001,0.01,0.01], \n",
    "    'iterations_limit' : 1000, \n",
    "    'baren_err' : 0.001 / 10,\n",
    "    'baren_threshold': 10\n",
    "}\n",
    "\n",
    "template = pd.read_csv('data/template.csv')\n",
    "\n",
    "log = Logger (log_template = template, log_path = source_name.format(size = Config['size'], stiffs = Config['stiffs'], stepsize = Config['stepsize'], shots = Config['shots']))\n",
    "exists = log.create_logfile()\n",
    "\n",
    "\n",
    "log_file, id = log._load_logfile()\n"
   ]
  },
  {
   "cell_type": "code",
   "execution_count": 14,
   "id": "8c705c40",
   "metadata": {},
   "outputs": [
    {
     "data": {
      "text/plain": [
       "{'Id (int)': 1,\n",
       " 'Valid (int)': 1,\n",
       " 'Updated (str)': '2025-08-21 19:18:30',\n",
       " 'Matrix (mat)': array([[-5.23002864e-02, -2.68834818e-02, -3.15316187e-01,\n",
       "          9.78478304e-02,  2.22056556e-02,  1.83760454e-01,\n",
       "         -2.77481519e-01, -4.01682828e-01, -5.85620262e-01,\n",
       "         -4.24839406e-01],\n",
       "        [-2.68834818e-02, -8.77333081e-02,  3.06976163e-02,\n",
       "         -1.04606479e-02, -4.60131456e-02,  2.87504271e-01,\n",
       "          1.58384051e-01,  5.35786945e-02,  2.79204656e-01,\n",
       "          5.79105824e-02],\n",
       "        [-3.15316187e-01,  3.06976163e-02, -2.66715034e-01,\n",
       "          2.94488228e-01,  9.47817798e-03,  5.54751312e-01,\n",
       "         -1.11646929e-01,  1.04110309e-01,  8.61627666e-02,\n",
       "         -1.84939857e-01],\n",
       "        [ 9.78478304e-02, -1.04606479e-02,  2.94488228e-01,\n",
       "         -1.74619894e-01,  1.83422896e-01, -3.25599342e-01,\n",
       "         -5.19229246e-04,  1.81519405e-01, -7.62520100e-02,\n",
       "          1.38071144e-01],\n",
       "        [ 2.22056556e-02, -4.60131456e-02,  9.47817798e-03,\n",
       "          1.83422896e-01, -1.51235505e-02,  1.82021753e-01,\n",
       "          1.56164531e-02, -1.71457666e-03,  4.08737693e-01,\n",
       "         -2.07090599e-02],\n",
       "        [ 1.83760454e-01,  2.87504271e-01,  5.54751312e-01,\n",
       "         -3.25599342e-01,  1.82021753e-01, -3.38598029e-01,\n",
       "          2.75541162e-01,  3.76030841e-01,  2.68079686e-01,\n",
       "          5.94278886e-02],\n",
       "        [-2.77481519e-01,  1.58384051e-01, -1.11646929e-01,\n",
       "         -5.19229246e-04,  1.56164531e-02,  2.75541162e-01,\n",
       "          1.32194084e-01,  8.13508903e-02,  4.92409110e-01,\n",
       "         -1.14930042e-01],\n",
       "        [-4.01682828e-01,  5.35786945e-02,  1.04110309e-01,\n",
       "          1.81519405e-01, -1.71457666e-03,  3.76030841e-01,\n",
       "          8.13508903e-02,  1.73618813e-01, -5.27179703e-03,\n",
       "          3.46097229e-01],\n",
       "        [-5.85620262e-01,  2.79204656e-01,  8.61627666e-02,\n",
       "         -7.62520100e-02,  4.08737693e-01,  2.68079686e-01,\n",
       "          4.92409110e-01, -5.27179703e-03,  4.31533734e-01,\n",
       "         -1.31863066e-01],\n",
       "        [-4.24839406e-01,  5.79105824e-02, -1.84939857e-01,\n",
       "          1.38071144e-01, -2.07090599e-02,  5.94278886e-02,\n",
       "         -1.14930042e-01,  3.46097229e-01, -1.31863066e-01,\n",
       "          2.01047088e-01]]),\n",
       " 'Size (int)': 10,\n",
       " 'Type (str)': 'Stiff',\n",
       " 'Rank (int)': -1,\n",
       " 'Density (flt)': -1.0,\n",
       " 'Stiffness (flt)': 1.0,\n",
       " 'Other (flt)': -1.0,\n",
       " 'Test_solver (str)': '-',\n",
       " 'Test (flt)': -1.9645337617078296,\n",
       " 'Test_state (vec)': array([ 1., -1.,  1., -1., -1., -1.,  1., -1., -1.,  1.]),\n",
       " 'Test_iterations (int)': -1,\n",
       " 'Test_time (flt)': 0.3865420818328857,\n",
       " 'Train_solver (str)': 'MA-PIA',\n",
       " 'Preprocessing (str)': nan,\n",
       " 'Postprocessing (str)': nan,\n",
       " 'Train (flt)': -1.9421260076717783,\n",
       " 'Train_state (vec)': array([ 1., -1.,  1., -1., -1., -1., -1., -1.,  1.,  1.]),\n",
       " 'Train_iterations_1 (int)': -1,\n",
       " 'Train_iterations_2 (int)': 16,\n",
       " 'Train_iterations_3 (int)': 16,\n",
       " 'Train_cost (flt)': -1.0,\n",
       " 'Train_shots (int)': 10000,\n",
       " 'Train_time (flt)': 2623.265376329422,\n",
       " 'Flags (str)': 'Baren',\n",
       " 'Baren (int)': 22}"
      ]
     },
     "metadata": {},
     "output_type": "display_data"
    }
   ],
   "source": [
    "\n",
    "# for stiff in Config['stiffs']: \n",
    "#     for i in tqdm.tqdm(range(Config['stiff_count']), desc = f\"Generating matrices with stiffness {stiff}\"):\n",
    "        \n",
    "#         id += 1\n",
    "#         matrix = prep.stiffnessPreparator(size = Config['size'], stiffness = stiff)\n",
    "#         current_datetime = datetime.now()\n",
    "#         data = { \n",
    "#             'Id (int)' : id, \n",
    "#             'Valid (int)' : 1, \n",
    "#             'Updated (str)' : current_datetime.strftime(\"%Y-%m-%d %H:%M:%S\"),\n",
    "#             'Matrix (mat)' : matrix,\n",
    "#             'Size (int)' : Config['size'],\n",
    "#             'Type (str)' : 'Stiff',\n",
    "#             'Rank (int)' : -1,\n",
    "#             'Density (flt)' : -1.0,\n",
    "#             'Stiffness (flt)' : stiff,\n",
    "#             'Other (flt)' : -1.0,\n",
    "#             'Test_solver (str)' : '-',\n",
    "#             'Test (flt)' : -1.0,\n",
    "#             'Test_state (vec)' : [],\n",
    "#             'Test_iterations (int)' : -1,\n",
    "#             'Test_time (flt)' : -1.0,\n",
    "#             'Train_solver (str)' : '-',\n",
    "#             'Preprocessing (str)' : '-',\n",
    "#             'Postprocessing (str)' : '-',\n",
    "#             'Train (flt)' : -1.0,\n",
    "#             'Train_state (vec)' : [],\n",
    "#             'Train_iterations_1 (int)' : -1,\n",
    "#             'Train_iterations_2 (int)' : -1,\n",
    "#             'Train_iterations_3 (int)' : -1,\n",
    "#             'Train_shots (int)': -1, \n",
    "#             'Train_cost (flt)' : -1.0,\n",
    "#             'Train_time (flt)' : -1.0, \n",
    "#             'Flags (str)' : '',\n",
    "#             'Baren (int)' : -1\n",
    "#         }\n",
    "        \n",
    "#         log.log(data)\n",
    "\n",
    "    \n",
    "display(log.read(1))"
   ]
  },
  {
   "cell_type": "code",
   "execution_count": 21,
   "id": "9e49449d",
   "metadata": {},
   "outputs": [],
   "source": [
    "import pennylane as qml \n",
    "testdev = qml.device ('default.qubit', wires = Config['size'], shots = Config['shots'])\n"
   ]
  },
  {
   "cell_type": "code",
   "execution_count": 22,
   "metadata": {},
   "outputs": [],
   "source": [
    "\n",
    "def test (ids : np.ndarray, solver : str = 'bruteforce', log_data : bool = False, progressbar : bool = False ):\n",
    "\n",
    "    ''' \n",
    "    ids : np.ndarray \n",
    "        a list of ids to compute \n",
    "    solver : str \n",
    "        solver to compute with \n",
    "    ''' \n",
    "    \n",
    "    tester = Solver(dev = testdev, ansatz = '')\n",
    "\n",
    "    if (progressbar):\n",
    "        id_range = tqdm(ids, desc = f\"Testing matrices with ids {min(ids)} <--> {max(ids)}\") \n",
    "    else: \n",
    "        id_range = ids\n",
    "    processed_data = []\n",
    "    for id in id_range:\n",
    "\n",
    "        data = log.read(id)\n",
    "\n",
    "        print(data)\n",
    "        def test_solver(Q : np.ndarray, solver : str = 'bruteforce'): \n",
    "            ''' \n",
    "            tester wrapped\n",
    "            '''\n",
    "\n",
    "            match solver: \n",
    "                case 'bruteforce':\n",
    "                    J, h = prep.isingForm(Q)\n",
    "                    return tester.checkIsing(J, h)\n",
    "                case 'GW':\n",
    "                    pass\n",
    "                case 'Annealing': \n",
    "                    pass\n",
    "            \n",
    "        Q = data['Matrix (mat)']\n",
    "\n",
    "        tested_data = data.copy()\n",
    "        \n",
    "        test, test_state, test_time = test_solver(Q)\n",
    "        current_datetime = datetime.now()\n",
    "\n",
    "        tested_data['Test (flt)'] = test \n",
    "        tested_data['Test_state (vec)'] = test_state[0].numpy()\n",
    "        tested_data['Test_time (flt)'] = test_time\n",
    "        tested_data['Test_solver (flt)'] = solver\n",
    "        tested_data['Updated (str)'] = current_datetime.strftime(\"%Y-%m-%d %H:%M:%S\")\n",
    "\n",
    "        processed_data.append(tested_data)\n",
    "\n",
    "        if (log_data): \n",
    "            log.log(tested_data, byid = True, Id = id)\n",
    "    return processed_data\n"
   ]
  },
  {
   "cell_type": "code",
   "execution_count": 23,
   "id": "be600689",
   "metadata": {},
   "outputs": [
    {
     "name": "stdout",
     "output_type": "stream",
     "text": [
      "{'Id (int)': 1, 'Valid (int)': 1, 'Updated (str)': '2025-08-21 14:20:48', 'Matrix (mat)': array([[-5.23002864e-02, -2.68834818e-02, -3.15316187e-01,\n",
      "         9.78478304e-02,  2.22056556e-02,  1.83760454e-01,\n",
      "        -2.77481519e-01, -4.01682828e-01, -5.85620262e-01,\n",
      "        -4.24839406e-01],\n",
      "       [-2.68834818e-02, -8.77333081e-02,  3.06976163e-02,\n",
      "        -1.04606479e-02, -4.60131456e-02,  2.87504271e-01,\n",
      "         1.58384051e-01,  5.35786945e-02,  2.79204656e-01,\n",
      "         5.79105824e-02],\n",
      "       [-3.15316187e-01,  3.06976163e-02, -2.66715034e-01,\n",
      "         2.94488228e-01,  9.47817798e-03,  5.54751312e-01,\n",
      "        -1.11646929e-01,  1.04110309e-01,  8.61627666e-02,\n",
      "        -1.84939857e-01],\n",
      "       [ 9.78478304e-02, -1.04606479e-02,  2.94488228e-01,\n",
      "        -1.74619894e-01,  1.83422896e-01, -3.25599342e-01,\n",
      "        -5.19229246e-04,  1.81519405e-01, -7.62520100e-02,\n",
      "         1.38071144e-01],\n",
      "       [ 2.22056556e-02, -4.60131456e-02,  9.47817798e-03,\n",
      "         1.83422896e-01, -1.51235505e-02,  1.82021753e-01,\n",
      "         1.56164531e-02, -1.71457666e-03,  4.08737693e-01,\n",
      "        -2.07090599e-02],\n",
      "       [ 1.83760454e-01,  2.87504271e-01,  5.54751312e-01,\n",
      "        -3.25599342e-01,  1.82021753e-01, -3.38598029e-01,\n",
      "         2.75541162e-01,  3.76030841e-01,  2.68079686e-01,\n",
      "         5.94278886e-02],\n",
      "       [-2.77481519e-01,  1.58384051e-01, -1.11646929e-01,\n",
      "        -5.19229246e-04,  1.56164531e-02,  2.75541162e-01,\n",
      "         1.32194084e-01,  8.13508903e-02,  4.92409110e-01,\n",
      "        -1.14930042e-01],\n",
      "       [-4.01682828e-01,  5.35786945e-02,  1.04110309e-01,\n",
      "         1.81519405e-01, -1.71457666e-03,  3.76030841e-01,\n",
      "         8.13508903e-02,  1.73618813e-01, -5.27179703e-03,\n",
      "         3.46097229e-01],\n",
      "       [-5.85620262e-01,  2.79204656e-01,  8.61627666e-02,\n",
      "        -7.62520100e-02,  4.08737693e-01,  2.68079686e-01,\n",
      "         4.92409110e-01, -5.27179703e-03,  4.31533734e-01,\n",
      "        -1.31863066e-01],\n",
      "       [-4.24839406e-01,  5.79105824e-02, -1.84939857e-01,\n",
      "         1.38071144e-01, -2.07090599e-02,  5.94278886e-02,\n",
      "        -1.14930042e-01,  3.46097229e-01, -1.31863066e-01,\n",
      "         2.01047088e-01]]), 'Size (int)': 10, 'Type (str)': 'Stiff', 'Rank (int)': -1, 'Density (flt)': -1.0, 'Stiffness (flt)': 1.0, 'Other (flt)': -1.0, 'Test_solver (str)': '-', 'Test (flt)': -1.9645337617078296, 'Test_state (vec)': array([ 1., -1.,  1., -1., -1., -1.,  1., -1., -1.,  1.]), 'Test_iterations (int)': -1, 'Test_time (flt)': 0.9742028713226318, 'Train_solver (str)': 'MA-PIA', 'Preprocessing (str)': nan, 'Postprocessing (str)': nan, 'Train (flt)': -1.9421260076717783, 'Train_state (vec)': array([ 1., -1.,  1., -1., -1., -1., -1., -1.,  1.,  1.]), 'Train_iterations_1 (int)': -1, 'Train_iterations_2 (int)': 16, 'Train_iterations_3 (int)': 16, 'Train_cost (flt)': -1.0, 'Train_shots (int)': 10000, 'Train_time (flt)': 2623.265376329422, 'Flags (str)': 'Baren', 'Baren (int)': 22}\n",
      "{'Id (int)': 2, 'Valid (int)': 1, 'Updated (str)': '2025-08-21 14:58:06', 'Matrix (mat)': array([[-0.22354487,  0.22485838,  0.12302376, -0.45902711,  0.09906531,\n",
      "        -0.23390187, -0.07986369,  0.22533276, -0.46129939,  0.17012686],\n",
      "       [ 0.22485838, -0.20854463,  0.09745935,  0.03736915,  0.04122405,\n",
      "        -0.01314181,  0.14185642,  0.04749659, -0.04168483,  0.11925896],\n",
      "       [ 0.12302376,  0.09745935, -0.14397138,  0.11714627, -0.10564185,\n",
      "        -0.2739213 ,  0.05245928, -0.27576172, -0.24238033, -0.18050263],\n",
      "       [-0.45902711,  0.03736915,  0.11714627, -0.08447593, -0.10028319,\n",
      "         0.22033097, -0.34112993,  0.0133867 ,  0.02829507, -0.01342765],\n",
      "       [ 0.09906531,  0.04122405, -0.10564185, -0.10028319, -0.05779558,\n",
      "        -0.18882987,  0.15175544, -0.09081244, -0.20093786, -0.20987317],\n",
      "       [-0.23390187, -0.01314181, -0.2739213 ,  0.22033097, -0.18882987,\n",
      "         0.24867639,  0.00119895,  0.34773413, -0.04508241, -0.06499922],\n",
      "       [-0.07986369,  0.14185642,  0.05245928, -0.34112993,  0.15175544,\n",
      "         0.00119895, -0.208306  ,  0.03314451,  0.00357307,  0.11378365],\n",
      "       [ 0.22533276,  0.04749659, -0.27576172,  0.0133867 , -0.09081244,\n",
      "         0.34773413,  0.03314451,  0.28919641,  0.36676899,  0.29686103],\n",
      "       [-0.46129939, -0.04168483, -0.24238033,  0.02829507, -0.20093786,\n",
      "        -0.04508241,  0.00357307,  0.36676899, -0.29436589,  0.01056213],\n",
      "       [ 0.17012686,  0.11925896, -0.18050263, -0.01342765, -0.20987317,\n",
      "        -0.06499922,  0.11378365,  0.29686103,  0.01056213,  0.23064237]]), 'Size (int)': 10, 'Type (str)': 'Stiff', 'Rank (int)': -1, 'Density (flt)': -1.0, 'Stiffness (flt)': 1.0, 'Other (flt)': -1.0, 'Test_solver (str)': '-', 'Test (flt)': -2.1286212511672047, 'Test_state (vec)': array([ 1., -1.,  1.,  1.,  1.,  1.,  1., -1.,  1.,  1.]), 'Test_iterations (int)': -1, 'Test_time (flt)': 1.0361096858978271, 'Train_solver (str)': 'MA-PIA', 'Preprocessing (str)': nan, 'Postprocessing (str)': nan, 'Train (flt)': -2.069612404523658, 'Train_state (vec)': array([ 1., -1.,  1.,  1.,  1.,  1.,  1., -1.,  1., -1.]), 'Train_iterations_1 (int)': -1, 'Train_iterations_2 (int)': 14, 'Train_iterations_3 (int)': 14, 'Train_cost (flt)': -1.0, 'Train_shots (int)': 10000, 'Train_time (flt)': 2236.923715114593, 'Flags (str)': 'Baren', 'Baren (int)': 22}\n",
      "{'Id (int)': 3, 'Valid (int)': 1, 'Updated (str)': '2025-08-21 15:05:26', 'Matrix (mat)': array([[-0.11953842, -0.21393736, -0.07939534, -0.15825765,  0.10663588,\n",
      "         0.26866096, -0.31027343,  0.15157904,  0.07949241, -0.26863913],\n",
      "       [-0.21393736, -0.0018186 , -0.25147287, -0.22717798,  0.1394973 ,\n",
      "         0.08340713,  0.07862746, -0.06191463, -0.10663597,  0.0729287 ],\n",
      "       [-0.07939534, -0.25147287, -0.2470563 , -0.31656176,  0.28368947,\n",
      "         0.36380345, -0.44692938,  0.19894323,  0.14673373, -0.28178477],\n",
      "       [-0.15825765, -0.22717798, -0.31656176, -0.31937298,  0.18376889,\n",
      "         0.3004378 , -0.34010752,  0.09533924,  0.07975023, -0.22858212],\n",
      "       [ 0.10663588,  0.1394973 ,  0.28368947,  0.18376889, -0.04789643,\n",
      "        -0.10515005,  0.07550373, -0.00380411,  0.02543341,  0.08092582],\n",
      "       [ 0.26866096,  0.08340713,  0.36380345,  0.3004378 , -0.10515005,\n",
      "        -0.24635377, -0.02319005,  0.01444303,  0.1251808 ,  0.00229423],\n",
      "       [-0.31027343,  0.07862746, -0.44692938, -0.34010752,  0.07550373,\n",
      "        -0.02319005,  0.34887235, -0.14373525, -0.24377066,  0.28346662],\n",
      "       [ 0.15157904, -0.06191463,  0.19894323,  0.09533924, -0.00380411,\n",
      "         0.01444303, -0.14373525, -0.01360712,  0.11858799, -0.17943811],\n",
      "       [ 0.07949241, -0.10663597,  0.14673373,  0.07975023,  0.02543341,\n",
      "         0.1251808 , -0.24377066,  0.11858799,  0.09166492, -0.23660557],\n",
      "       [-0.26863913,  0.0729287 , -0.28178477, -0.22858212,  0.08092582,\n",
      "         0.00229423,  0.28346662, -0.17943811, -0.23660557,  0.23122254]]), 'Size (int)': 10, 'Type (str)': 'Stiff', 'Rank (int)': -1, 'Density (flt)': -1.0, 'Stiffness (flt)': 1.0, 'Other (flt)': -1.0, 'Test_solver (str)': '-', 'Test (flt)': -2.6791163684582138, 'Test_state (vec)': array([ 1.,  1.,  1.,  1., -1., -1.,  1., -1.,  1.,  1.]), 'Test_iterations (int)': -1, 'Test_time (flt)': 1.0275399684906006, 'Train_solver (str)': 'MA-PIA', 'Preprocessing (str)': nan, 'Postprocessing (str)': nan, 'Train (flt)': -2.6791163684582138, 'Train_state (vec)': array([ 1.,  1.,  1.,  1., -1., -1.,  1., -1.,  1.,  1.]), 'Train_iterations_1 (int)': 10, 'Train_iterations_2 (int)': 10, 'Train_iterations_3 (int)': 5, 'Train_cost (flt)': -1.0, 'Train_shots (int)': 10000, 'Train_time (flt)': 439.2553083896637, 'Flags (str)': nan, 'Baren (int)': 0}\n",
      "{'Id (int)': 4, 'Valid (int)': 1, 'Updated (str)': '2025-08-21 15:08:54', 'Matrix (mat)': array([[-0.09752368,  0.14000075, -0.24492045, -0.15916357, -0.17417211,\n",
      "         0.11496501,  0.07238723, -0.35226473, -0.54434901, -0.0154571 ],\n",
      "       [ 0.14000075, -0.10374326,  0.16179252,  0.02222062, -0.014087  ,\n",
      "        -0.07182502, -0.08049829, -0.10898215, -0.01665833, -0.0210652 ],\n",
      "       [-0.24492045,  0.16179252, -0.41416186, -0.14987991, -0.14007417,\n",
      "         0.08221012,  0.15746838, -0.13697221, -0.52823002, -0.03975133],\n",
      "       [-0.15916357,  0.02222062, -0.14987991,  0.1199999 ,  0.00572253,\n",
      "         0.04789511,  0.22242786,  0.22275718, -0.04434734,  0.05967807],\n",
      "       [-0.17417211, -0.014087  , -0.14007417,  0.00572253, -0.0377141 ,\n",
      "         0.0253971 ,  0.18460175,  0.07249598, -0.11695397,  0.07524344],\n",
      "       [ 0.11496501, -0.07182502,  0.08221012,  0.04789511,  0.0253971 ,\n",
      "        -0.03097667, -0.09010283, -0.07461149,  0.03610316, -0.07036569],\n",
      "       [ 0.07238723, -0.08049829,  0.15746838,  0.22242786,  0.18460175,\n",
      "        -0.09010283,  0.02148921,  0.41141532,  0.42564191,  0.01007729],\n",
      "       [-0.35226473, -0.10898215, -0.13697221,  0.22275718,  0.07249598,\n",
      "        -0.07461149,  0.41141532,  0.83892247,  0.27062293,  0.23616236],\n",
      "       [-0.54434901, -0.01665833, -0.52823002, -0.04434734, -0.11695397,\n",
      "         0.03610316,  0.42564191,  0.27062293, -0.36575584,  0.16995966],\n",
      "       [-0.0154571 , -0.0210652 , -0.03975133,  0.05967807,  0.07524344,\n",
      "        -0.07036569,  0.01007729,  0.23616236,  0.16995966, -0.0051137 ]]), 'Size (int)': 10, 'Type (str)': 'Stiff', 'Rank (int)': -1, 'Density (flt)': -1.0, 'Stiffness (flt)': 1.0, 'Other (flt)': -1.0, 'Test_solver (str)': '-', 'Test (flt)': -2.4834300121071102, 'Test_state (vec)': array([ 1., -1.,  1.,  1.,  1., -1., -1., -1.,  1., -1.]), 'Test_iterations (int)': -1, 'Test_time (flt)': 1.034796953201294, 'Train_solver (str)': 'MA-PIA', 'Preprocessing (str)': nan, 'Postprocessing (str)': nan, 'Train (flt)': -2.4834300121071102, 'Train_state (vec)': array([ 1., -1.,  1.,  1.,  1.,  1., -1., -1.,  1., -1.]), 'Train_iterations_1 (int)': 6, 'Train_iterations_2 (int)': 6, 'Train_iterations_3 (int)': 6, 'Train_cost (flt)': -1.0, 'Train_shots (int)': 10000, 'Train_time (flt)': 207.5897853374481, 'Flags (str)': nan, 'Baren (int)': -4}\n",
      "{'Id (int)': 5, 'Valid (int)': 1, 'Updated (str)': '2025-08-21 15:25:22', 'Matrix (mat)': array([[ 3.18384543e-01, -1.47528959e-01, -5.75312709e-02,\n",
      "        -8.90663859e-02,  1.50789298e-01,  2.14565026e-01,\n",
      "        -2.18653457e-01,  1.19396350e-01,  1.41194520e-01,\n",
      "        -1.49089536e-01],\n",
      "       [-1.47528959e-01, -9.43429273e-02,  2.50864153e-01,\n",
      "        -1.15841936e-01, -6.09234996e-01,  6.93796297e-02,\n",
      "         3.82912110e-02,  1.96068122e-01, -3.90121175e-02,\n",
      "         1.89315177e-01],\n",
      "       [-5.75312709e-02,  2.50864153e-01,  3.17820778e-01,\n",
      "        -2.42191969e-01, -9.94182385e-02, -7.52916896e-02,\n",
      "         2.31702344e-01,  4.00003054e-01, -1.45568097e-01,\n",
      "        -3.87412666e-02],\n",
      "       [-8.90663859e-02, -1.15841936e-01, -2.42191969e-01,\n",
      "        -6.65493988e-02, -1.70352584e-01,  1.05101716e-01,\n",
      "         9.23483559e-02, -1.83321089e-01,  1.77371508e-01,\n",
      "        -4.15712244e-02],\n",
      "       [ 1.50789298e-01, -6.09234996e-01, -9.94182385e-02,\n",
      "        -1.70352584e-01, -8.40830949e-02,  4.00069647e-01,\n",
      "        -6.61210566e-02,  3.67431370e-02,  2.44506840e-01,\n",
      "        -4.08465482e-02],\n",
      "       [ 2.14565026e-01,  6.93796297e-02, -7.52916896e-02,\n",
      "         1.05101716e-01,  4.00069647e-01, -5.26122638e-02,\n",
      "        -9.10644381e-02, -1.48096826e-01, -1.52190246e-01,\n",
      "         2.70613380e-02],\n",
      "       [-2.18653457e-01,  3.82912110e-02,  2.31702344e-01,\n",
      "         9.23483559e-02, -6.61210566e-02, -9.10644381e-02,\n",
      "         5.47825181e-02,  1.89917026e-01, -2.52524973e-01,\n",
      "        -8.79318465e-02],\n",
      "       [ 1.19396350e-01,  1.96068122e-01,  4.00003054e-01,\n",
      "        -1.83321089e-01,  3.67431370e-02, -1.48096826e-01,\n",
      "         1.89917026e-01,  5.56248360e-04, -2.73965853e-01,\n",
      "         2.56219030e-01],\n",
      "       [ 1.41194520e-01, -3.90121175e-02, -1.45568097e-01,\n",
      "         1.77371508e-01,  2.44506840e-01, -1.52190246e-01,\n",
      "        -2.52524973e-01, -2.73965853e-01,  5.13125037e-02,\n",
      "        -6.59872486e-03],\n",
      "       [-1.49089536e-01,  1.89315177e-01, -3.87412666e-02,\n",
      "        -4.15712244e-02, -4.08465482e-02,  2.70613380e-02,\n",
      "        -8.79318465e-02,  2.56219030e-01, -6.59872486e-03,\n",
      "         2.30809735e-01]]), 'Size (int)': 10, 'Type (str)': 'Stiff', 'Rank (int)': -1, 'Density (flt)': -1.0, 'Stiffness (flt)': 1.0, 'Other (flt)': -1.0, 'Test_solver (str)': '-', 'Test (flt)': -1.2523014985210563, 'Test_state (vec)': array([ 1.,  1., -1.,  1.,  1., -1.,  1., -1., -1.,  1.]), 'Test_iterations (int)': -1, 'Test_time (flt)': 0.594017744064331, 'Train_solver (str)': 'MA-PIA', 'Preprocessing (str)': nan, 'Postprocessing (str)': nan, 'Train (flt)': -1.1842249256216908, 'Train_state (vec)': array([-1.,  1., -1.,  1.,  1., -1., -1., -1., -1., -1.]), 'Train_iterations_1 (int)': -1, 'Train_iterations_2 (int)': -1, 'Train_iterations_3 (int)': 38, 'Train_cost (flt)': -1.0, 'Train_shots (int)': 10000, 'Train_time (flt)': 988.4103446006776, 'Flags (str)': 'Baren', 'Baren (int)': 36}\n",
      "{'Id (int)': 6, 'Valid (int)': 1, 'Updated (str)': '2025-08-21 13:43:51', 'Matrix (mat)': array([[ 0.15582193, -0.20152832, -0.57518679,  0.04866085,  0.03745124,\n",
      "        -0.45890935, -0.02483271,  0.08224561, -0.01057103,  0.18579253],\n",
      "       [-0.20152832, -0.10141432, -0.38993085,  0.19860409, -0.10561279,\n",
      "        -0.0582289 , -0.18387327, -0.11920492,  0.16475434,  0.19175891],\n",
      "       [-0.57518679, -0.38993085,  0.02910357, -0.08211852, -0.00143826,\n",
      "        -0.01285871,  0.21495082, -0.15831972, -0.11511883,  0.40453253],\n",
      "       [ 0.04866085,  0.19860409, -0.08211852,  0.10357082, -0.06066056,\n",
      "        -0.41495966, -0.0322101 , -0.28397734,  0.0605936 ,  0.01997255],\n",
      "       [ 0.03745124, -0.10561279, -0.00143826, -0.06066056,  0.18159021,\n",
      "         0.25815558,  0.27971418, -0.12794066,  0.02188293,  0.38792435],\n",
      "       [-0.45890935, -0.0582289 , -0.01285871, -0.41495966,  0.25815558,\n",
      "         0.60438028,  0.26614018, -0.15838109, -0.36697271,  0.23429048],\n",
      "       [-0.02483271, -0.18387327,  0.21495082, -0.0322101 ,  0.27971418,\n",
      "         0.26614018, -0.0262063 , -0.22650036,  0.11318364, -0.03712895],\n",
      "       [ 0.08224561, -0.11920492, -0.15831972, -0.28397734, -0.12794066,\n",
      "        -0.15838109, -0.22650036,  0.18737315,  0.12919953,  0.10879021],\n",
      "       [-0.01057103,  0.16475434, -0.11511883,  0.0605936 ,  0.02188293,\n",
      "        -0.36697271,  0.11318364,  0.12919953, -0.01691088, -0.08973097],\n",
      "       [ 0.18579253,  0.19175891,  0.40453253,  0.01997255,  0.38792435,\n",
      "         0.23429048, -0.03712895,  0.10879021, -0.08973097, -0.27143962]]), 'Size (int)': 10, 'Type (str)': 'Stiff', 'Rank (int)': -1, 'Density (flt)': -1.0, 'Stiffness (flt)': 1.0, 'Other (flt)': -1.0, 'Test_solver (str)': '-', 'Test (flt)': -2.230814358984752, 'Test_state (vec)': array([ 1.,  1.,  1.,  1., -1.,  1., -1.,  1.,  1., -1.]), 'Test_iterations (int)': -1, 'Test_time (flt)': 1.0316998958587646, 'Train_solver (str)': 'MA-PIA', 'Preprocessing (str)': nan, 'Postprocessing (str)': nan, 'Train (flt)': -2.230814358984752, 'Train_state (vec)': array([ 1.,  1.,  1.,  1., -1.,  1., -1.,  1.,  1., -1.]), 'Train_iterations_1 (int)': 5, 'Train_iterations_2 (int)': 5, 'Train_iterations_3 (int)': 5, 'Train_cost (flt)': -1.0, 'Train_shots (int)': 10000, 'Train_time (flt)': 405.3710951805115, 'Flags (str)': nan, 'Baren (int)': -5}\n",
      "{'Id (int)': 7, 'Valid (int)': 1, 'Updated (str)': '2025-08-21 14:01:01', 'Matrix (mat)': array([[-0.04536105,  0.19061063,  0.07827796, -0.16484559,  0.04951918,\n",
      "         0.09759772, -0.01862965,  0.17521424, -0.10150447,  0.02386909],\n",
      "       [ 0.19061063,  0.14422785, -0.07687091, -0.23042904,  0.14594319,\n",
      "        -0.06292728, -0.2936022 ,  0.29899449, -0.04784289, -0.0437377 ],\n",
      "       [ 0.07827796, -0.07687091, -0.07524781,  0.17367784, -0.11949062,\n",
      "        -0.28267386,  0.13244438, -0.09761608,  0.0110381 , -0.2092275 ],\n",
      "       [-0.16484559, -0.23042904,  0.17367784, -0.28133495, -0.07794098,\n",
      "         0.35599457,  0.1722193 , -0.39979807, -0.09280589,  0.46869588],\n",
      "       [ 0.04951918,  0.14594319, -0.11949062, -0.07794098,  0.14564534,\n",
      "         0.02876907, -0.17605804,  0.33340927,  0.02141899, -0.30751838],\n",
      "       [ 0.09759772, -0.06292728, -0.28267386,  0.35599457,  0.02876907,\n",
      "        -0.30609194, -0.14063979,  0.42796867, -0.1368384 , -0.30415093],\n",
      "       [-0.01862965, -0.2936022 ,  0.13244438,  0.1722193 , -0.17605804,\n",
      "        -0.14063979,  0.13751358, -0.31115738, -0.18515526, -0.08724469],\n",
      "       [ 0.17521424,  0.29899449, -0.09761608, -0.39979807,  0.33340927,\n",
      "         0.42796867, -0.31115738,  0.02739539,  0.11757313,  0.06843809],\n",
      "       [-0.10150447, -0.04784289,  0.0110381 , -0.09280589,  0.02141899,\n",
      "        -0.1368384 , -0.18515526,  0.11757313, -0.13995371,  0.0193728 ],\n",
      "       [ 0.02386909, -0.0437377 , -0.2092275 ,  0.46869588, -0.30751838,\n",
      "        -0.30415093, -0.08724469,  0.06843809,  0.0193728 , -0.22822964]]), 'Size (int)': 10, 'Type (str)': 'Stiff', 'Rank (int)': -1, 'Density (flt)': -1.0, 'Stiffness (flt)': 1.0, 'Other (flt)': -1.0, 'Test_solver (str)': '-', 'Test (flt)': -1.9762861055285408, 'Test_state (vec)': array([-1.,  1.,  1., -1.,  1.,  1.,  1., -1.,  1.,  1.]), 'Test_iterations (int)': -1, 'Test_time (flt)': 1.0175457000732422, 'Train_solver (str)': 'MA-PIA', 'Preprocessing (str)': nan, 'Postprocessing (str)': nan, 'Train (flt)': -1.9762861055285408, 'Train_state (vec)': array([-1.,  1.,  1., -1.,  1.,  1.,  1., -1.,  1.,  1.]), 'Train_iterations_1 (int)': 13, 'Train_iterations_2 (int)': 13, 'Train_iterations_3 (int)': 13, 'Train_cost (flt)': -1.0, 'Train_shots (int)': 10000, 'Train_time (flt)': 1029.7380526065826, 'Flags (str)': nan, 'Baren (int)': 3}\n",
      "{'Id (int)': 8, 'Valid (int)': 1, 'Updated (str)': '2025-08-21 14:50:51', 'Matrix (mat)': array([[-0.72980397,  0.45525187,  0.36018719,  0.27639495,  0.37801472,\n",
      "        -0.46083188,  0.35706553,  0.31334615,  0.21295034, -0.04949315],\n",
      "       [ 0.45525187, -0.59355737,  0.16520472, -0.21335889,  0.14906985,\n",
      "        -0.0972622 , -0.26545933, -0.18506791, -0.06151374, -0.3404046 ],\n",
      "       [ 0.36018719,  0.16520472,  0.04381215, -0.31217956,  0.16268283,\n",
      "         0.31564041, -0.01099469, -0.04227509,  0.06271912, -0.47622803],\n",
      "       [ 0.27639495, -0.21335889, -0.31217956, -0.55230088, -0.06271518,\n",
      "         0.22261987,  0.29990971, -0.25121103, -0.58423693,  0.12638456],\n",
      "       [ 0.37801472,  0.14906985,  0.16268283, -0.06271518, -0.15139121,\n",
      "         0.38749077, -0.37587984, -0.0605324 ,  0.08298354, -0.22638374],\n",
      "       [-0.46083188, -0.0972622 ,  0.31564041,  0.22261987,  0.38749077,\n",
      "        -0.83160242,  0.14013788,  0.16289117, -0.21060404,  0.50622281],\n",
      "       [ 0.35706553, -0.26545933, -0.01099469,  0.29990971, -0.37587984,\n",
      "         0.14013788, -0.42941466, -0.12177634, -0.04056135,  0.3490306 ],\n",
      "       [ 0.31334615, -0.18506791, -0.04227509, -0.25121103, -0.0605324 ,\n",
      "         0.16289117, -0.12177634, -0.22393721, -0.16979226, -0.09641601],\n",
      "       [ 0.21295034, -0.06151374,  0.06271912, -0.58423693,  0.08298354,\n",
      "        -0.21060404, -0.04056135, -0.16979226,  0.01531266, -0.28301201],\n",
      "       [-0.04949315, -0.3404046 , -0.47622803,  0.12638456, -0.22638374,\n",
      "         0.50622281,  0.3490306 , -0.09641601, -0.28301201, -0.46886555]]), 'Size (int)': 10, 'Type (str)': 'Stiff', 'Rank (int)': -1, 'Density (flt)': -1.0, 'Stiffness (flt)': 1.0, 'Other (flt)': -1.0, 'Test_solver (str)': '-', 'Test (flt)': -3.103750018209004, 'Test_state (vec)': array([-1.,  1.,  1.,  1.,  1., -1.,  1.,  1.,  1.,  1.]), 'Test_iterations (int)': -1, 'Test_time (flt)': 1.0888502597808838, 'Train_solver (str)': 'MA-PIA', 'Preprocessing (str)': nan, 'Postprocessing (str)': nan, 'Train (flt)': -2.697279468541383, 'Train_state (vec)': array([-1.,  1.,  1.,  1., -1., -1.,  1.,  1.,  1.,  1.]), 'Train_iterations_1 (int)': -1, 'Train_iterations_2 (int)': -1, 'Train_iterations_3 (int)': -1, 'Train_cost (flt)': -1.0, 'Train_shots (int)': 10000, 'Train_time (flt)': 2989.343470811844, 'Flags (str)': 'Baren', 'Baren (int)': 29}\n",
      "{'Id (int)': 9, 'Valid (int)': 1, 'Updated (str)': '2025-08-21 15:05:14', 'Matrix (mat)': array([[ 0.24153288, -0.03579311, -0.31290709,  0.32541449,  0.04289841,\n",
      "         0.38489296,  0.15785183,  0.24777824, -0.35022643, -0.23223143],\n",
      "       [-0.03579311,  0.20662592,  0.03189675, -0.20125541, -0.07992073,\n",
      "        -0.11720929, -0.31595514, -0.34099998, -0.19392127,  0.04850263],\n",
      "       [-0.31290709,  0.03189675,  0.20767917,  0.02158138, -0.12743935,\n",
      "         0.15169205, -0.0841996 , -0.07231166,  0.01881547, -0.04380252],\n",
      "       [ 0.32541449, -0.20125541,  0.02158138,  0.26664757,  0.19972918,\n",
      "         0.14571661,  0.55915469,  0.39016888,  0.2738911 ,  0.20548897],\n",
      "       [ 0.04289841, -0.07992073, -0.12743935,  0.19972918,  0.03560418,\n",
      "         0.07965843,  0.10969379,  0.12715201, -0.00928666, -0.09322279],\n",
      "       [ 0.38489296, -0.11720929,  0.15169205,  0.14571661,  0.07965843,\n",
      "         0.08042272,  0.47667106,  0.17021716,  0.26644208,  0.37866974],\n",
      "       [ 0.15785183, -0.31595514, -0.0841996 ,  0.55915469,  0.10969379,\n",
      "         0.47667106,  0.65870319,  0.42093739,  0.22855677, -0.24200103],\n",
      "       [ 0.24777824, -0.34099998, -0.07231166,  0.39016888,  0.12715201,\n",
      "         0.17021716,  0.42093739, -0.00255595,  0.45593596,  0.28348507],\n",
      "       [-0.35022643, -0.19392127,  0.01881547,  0.2738911 , -0.00928666,\n",
      "         0.26644208,  0.22855677,  0.45593596,  0.04739907, -0.60314142],\n",
      "       [-0.23223143,  0.04850263, -0.04380252,  0.20548897, -0.09322279,\n",
      "         0.37866974, -0.24200103,  0.28348507, -0.60314142, -0.85258832]]), 'Size (int)': 10, 'Type (str)': 'Stiff', 'Rank (int)': -1, 'Density (flt)': -1.0, 'Stiffness (flt)': 1.0, 'Other (flt)': -1.0, 'Test_solver (str)': '-', 'Test (flt)': -2.905787734672945, 'Test_state (vec)': array([ 1.,  1.,  1., -1.,  1., -1., -1., -1.,  1.,  1.]), 'Test_iterations (int)': -1, 'Test_time (flt)': 1.0955994129180908, 'Train_solver (str)': 'MA-PIA', 'Preprocessing (str)': nan, 'Postprocessing (str)': nan, 'Train (flt)': -2.905787734672945, 'Train_state (vec)': array([ 1.,  1.,  1., -1.,  1., -1., -1., -1.,  1.,  1.]), 'Train_iterations_1 (int)': 18, 'Train_iterations_2 (int)': 18, 'Train_iterations_3 (int)': 15, 'Train_cost (flt)': -1.0, 'Train_shots (int)': 10000, 'Train_time (flt)': 862.5829844474792, 'Flags (str)': nan, 'Baren (int)': 8}\n",
      "{'Id (int)': 10, 'Valid (int)': 1, 'Updated (str)': '2025-08-21 15:08:16', 'Matrix (mat)': array([[-0.07374912,  0.30135678,  0.0733304 ,  0.07612908, -0.29077549,\n",
      "         0.25480943,  0.0892113 ,  0.04256908, -0.40051982,  0.45739712],\n",
      "       [ 0.30135678,  0.39683181, -0.41122475,  0.23298333, -0.22661688,\n",
      "         0.19276613,  0.33468333, -0.08467527,  0.25014603,  0.24558291],\n",
      "       [ 0.0733304 , -0.41122475,  0.18425864, -0.39695774, -0.08599821,\n",
      "         0.11878967,  0.15012489, -0.3477201 , -0.39107863, -0.23668066],\n",
      "       [ 0.07612908,  0.23298333, -0.39695774, -0.12409701, -0.19495547,\n",
      "         0.35766017, -0.2869899 ,  0.21482056, -0.17144391,  0.02548075],\n",
      "       [-0.29077549, -0.22661688, -0.08599821, -0.19495547,  0.87906175,\n",
      "        -0.23854635,  0.39089992, -0.26077039, -0.15895434,  0.05423756],\n",
      "       [ 0.25480943,  0.19276613,  0.11878967,  0.35766017, -0.23854635,\n",
      "        -0.08729151,  0.40565405, -0.00768478, -0.16473735,  0.13125807],\n",
      "       [ 0.0892113 ,  0.33468333,  0.15012489, -0.2869899 ,  0.39089992,\n",
      "         0.40565405, -0.29816543,  0.29047838, -0.04529694,  0.2172295 ],\n",
      "       [ 0.04256908, -0.08467527, -0.3477201 ,  0.21482056, -0.26077039,\n",
      "        -0.00768478,  0.29047838,  0.2600277 ,  0.19210681, -0.02565767],\n",
      "       [-0.40051982,  0.25014603, -0.39107863, -0.17144391, -0.15895434,\n",
      "        -0.16473735, -0.04529694,  0.19210681, -0.16451649,  0.16627026],\n",
      "       [ 0.45739712,  0.24558291, -0.23668066,  0.02548075,  0.05423756,\n",
      "         0.13125807,  0.2172295 , -0.02565767,  0.16627026, -0.02633991]]), 'Size (int)': 10, 'Type (str)': 'Stiff', 'Rank (int)': -1, 'Density (flt)': -1.0, 'Stiffness (flt)': 1.0, 'Other (flt)': -1.0, 'Test_solver (str)': '-', 'Test (flt)': -2.0659032560522603, 'Test_state (vec)': array([ 1., -1.,  1.,  1.,  1., -1., -1.,  1.,  1., -1.]), 'Test_iterations (int)': -1, 'Test_time (flt)': 0.5479354858398438, 'Train_solver (str)': 'MA-PIA', 'Preprocessing (str)': nan, 'Postprocessing (str)': nan, 'Train (flt)': -2.0659032560522603, 'Train_state (vec)': array([ 1., -1.,  1.,  1.,  1., -1., -1.,  1.,  1., -1.]), 'Train_iterations_1 (int)': 5, 'Train_iterations_2 (int)': 5, 'Train_iterations_3 (int)': 5, 'Train_cost (flt)': -1.0, 'Train_shots (int)': 10000, 'Train_time (flt)': 181.1821620464325, 'Flags (str)': nan, 'Baren (int)': -5}\n",
      "{'Id (int)': 11, 'Valid (int)': 1, 'Updated (str)': '2025-08-21 13:48:43', 'Matrix (mat)': array([[-0.15720704,  0.21776083,  0.00531655,  0.18800444,  0.16737182,\n",
      "        -0.02879444,  0.10135867,  0.25031   ,  0.07957721,  0.17158658],\n",
      "       [ 0.21776083,  0.22437128, -0.05179294, -0.08688813,  0.05049849,\n",
      "         0.08224148, -0.30372874, -0.00119852, -0.09497905, -0.05283221],\n",
      "       [ 0.00531655, -0.05179294,  0.48885945,  0.19308166, -0.23346495,\n",
      "        -0.25444118,  0.29956154,  0.02557349, -0.15140947,  0.24026268],\n",
      "       [ 0.18800444, -0.08688813,  0.19308166, -0.14553244, -0.1435761 ,\n",
      "        -0.14913615, -0.06936106, -0.16827609, -0.22979252,  0.07964214],\n",
      "       [ 0.16737182,  0.05049849, -0.23346495, -0.1435761 , -0.10962092,\n",
      "        -0.01031371, -0.44829116, -0.07496809, -0.23395872, -0.04367126],\n",
      "       [-0.02879444,  0.08224148, -0.25444118, -0.14913615, -0.01031371,\n",
      "         0.05194528, -0.3952482 ,  0.01494956, -0.06823695, -0.17255148],\n",
      "       [ 0.10135867, -0.30372874,  0.29956154, -0.06936106, -0.44829116,\n",
      "        -0.3952482 , -0.20725156, -0.22810927, -0.5272712 ,  0.14332446],\n",
      "       [ 0.25031   , -0.00119852,  0.02557349, -0.16827609, -0.07496809,\n",
      "         0.01494956, -0.22810927, -0.0233049 , -0.0506841 ,  0.01751723],\n",
      "       [ 0.07957721, -0.09497905, -0.15140947, -0.22979252, -0.23395872,\n",
      "        -0.06823695, -0.5272712 , -0.0506841 , -0.47396671,  0.04069096],\n",
      "       [ 0.17158658, -0.05283221,  0.24026268,  0.07964214, -0.04367126,\n",
