{
 "cells": [
  {
   "cell_type": "code",
   "execution_count": 1,
   "id": "49885595",
   "metadata": {},
   "outputs": [],
   "source": [
    "from preparator import Preparator \n",
    "import numpy as np \n",
    "from solver import Solver \n",
    "from logger import Logger \n",
    "from datetime import datetime\n",
    "import tqdm \n",
    "import pandas as pd\n",
    "#Header\n",
    "# Id (int),\n",
    "# Valid (int),\n",
    "# Updated (str),\n",
    "# Matrix (mat),\n",
    "# Size (int),\n",
    "# Type (str),\n",
    "# Rank (int),\n",
    "# Density (flt),\n",
    "# Stiffness (flt),\n",
    "# Other (flt),\n",
    "# Test_solver (str),\n",
    "# Test (flt),\n",
    "# Test_state (vec),\n",
    "# Test_iterations (int),\n",
    "# Test_time (flt),\n",
    "# Train_solver (str),\n",
    "# Preprocessing (str),\n",
    "# Postprocessing (str),\n",
    "# Train (flt),\n",
    "# Train_state (vec),\n",
    "# Train (flt), \n",
    "# Train_iterations_1 (int),\n",
    "# Train_iterations_2 (int),\n",
    "# Train_iterations_3 (int),\n",
    "# Train_shots (int),\n",
    "# Train_cost (flt),\n",
    "# Train_time (flt),\n",
    "# Flags (str)\n",
    "# Baren (int)\n"
   ]
  },
  {
   "cell_type": "code",
   "execution_count": 2,
   "id": "2beb4df7",
   "metadata": {},
   "outputs": [
    {
     "name": "stdout",
     "output_type": "stream",
     "text": [
      "Logfile data/penalty/Penalty_size_10_penalty_MOC_ansatz_CIA_stepsize_2.0_shots_1000.csv already exists\n"
     ]
    }
   ],
   "source": [
    "# Prepare source dataset \n",
    "\n",
    "source_name = 'data/penalty/Penalty_size_{size}_penalty_{penalty}_ansatz_{ansatz}_stepsize_{stepsize}_shots_{shots}.csv'\n",
    "\n",
    "Config = {\n",
    "    'size' : 10,\n",
    "    'penalty' : 'MOC',\n",
    "    'count' : 50,\n",
    "    'budget_fracs' : [0.2, 0.3, 0.4, 0.5, 0.6, 0.7, 0.8], \n",
    "    'shots' : 1000, \n",
    "    'stepsize' : 2.00, \n",
    "    'accepterr': [0.01,0.05,0.01], \n",
    "    'iterations_limit' : 100, \n",
    "    'baren_err' : 0.01,\n",
    "    'baren_threshold': 10,\n",
    "    'ansatz' : 'CIA'\n",
    "}\n",
    "\n",
    "template = pd.read_csv('data/template_penalty.csv')\n",
    "\n",
    "log = Logger (log_template = template, log_path = source_name.format(size = Config['size'], penalty = Config['penalty'], stepsize = Config['stepsize'], shots = Config['shots'], ansatz = Config['ansatz']))\n",
    "exists = log.create_logfile()\n",
    "\n",
    "\n",
    "log_file, id = log._load_logfile()\n"
   ]
  },
  {
   "cell_type": "code",
   "execution_count": 3,
   "id": "8c705c40",
   "metadata": {},
   "outputs": [
    {
     "name": "stderr",
     "output_type": "stream",
     "text": [
      "Generating matrices with size 10:   8%|▊         | 4/50 [00:04<00:50,  1.10s/it]\n"
     ]
    },
    {
     "ename": "KeyboardInterrupt",
     "evalue": "",
     "output_type": "error",
     "traceback": [
      "\u001b[31m---------------------------------------------------------------------------\u001b[39m",
      "\u001b[31mKeyboardInterrupt\u001b[39m                         Traceback (most recent call last)",
      "\u001b[36mCell\u001b[39m\u001b[36m \u001b[39m\u001b[32mIn[3]\u001b[39m\u001b[32m, line 42\u001b[39m\n\u001b[32m      8\u001b[39m         current_datetime = datetime.now()\n\u001b[32m      9\u001b[39m         data = { \n\u001b[32m     10\u001b[39m             \u001b[33m'\u001b[39m\u001b[33mId (int)\u001b[39m\u001b[33m'\u001b[39m : \u001b[38;5;28mid\u001b[39m, \n\u001b[32m     11\u001b[39m             \u001b[33m'\u001b[39m\u001b[33mValid (int)\u001b[39m\u001b[33m'\u001b[39m : \u001b[32m1\u001b[39m, \n\u001b[32m   (...)\u001b[39m\u001b[32m     39\u001b[39m             \u001b[33m'\u001b[39m\u001b[33mBaren (int)\u001b[39m\u001b[33m'\u001b[39m : -\u001b[32m1\u001b[39m\n\u001b[32m     40\u001b[39m         }\n\u001b[32m---> \u001b[39m\u001b[32m42\u001b[39m         \u001b[43mlog\u001b[49m\u001b[43m.\u001b[49m\u001b[43mlog\u001b[49m\u001b[43m(\u001b[49m\u001b[43mdata\u001b[49m\u001b[43m)\u001b[49m\n\u001b[32m     45\u001b[39m display(log.read(\u001b[32m1\u001b[39m))\n",
      "\u001b[36mFile \u001b[39m\u001b[32m/mnt/Computing/I_Fomin/QAOA/logger.py:242\u001b[39m, in \u001b[36mLogger.log\u001b[39m\u001b[34m(self, data, byid, Id)\u001b[39m\n\u001b[32m    240\u001b[39m \u001b[38;5;28;01mdef\u001b[39;00m\u001b[38;5;250m \u001b[39m\u001b[34mlog\u001b[39m (\u001b[38;5;28mself\u001b[39m, data: \u001b[38;5;28mdict\u001b[39m, byid: \u001b[38;5;28mbool\u001b[39m = \u001b[38;5;28;01mFalse\u001b[39;00m, Id: \u001b[38;5;28mint\u001b[39m = -\u001b[32m1\u001b[39m):\n\u001b[32m--> \u001b[39m\u001b[32m242\u001b[39m     \u001b[38;5;28;43mself\u001b[39;49m\u001b[43m.\u001b[49m\u001b[43m_data_to_line\u001b[49m\u001b[43m(\u001b[49m\u001b[43mdata\u001b[49m\u001b[43m \u001b[49m\u001b[43m=\u001b[49m\u001b[43m \u001b[49m\u001b[43mdata\u001b[49m\u001b[43m,\u001b[49m\u001b[43m \u001b[49m\u001b[43mbyid\u001b[49m\u001b[43m \u001b[49m\u001b[43m=\u001b[49m\u001b[43m \u001b[49m\u001b[43mbyid\u001b[49m\u001b[43m,\u001b[49m\u001b[43m \u001b[49m\u001b[43mId\u001b[49m\u001b[43m \u001b[49m\u001b[43m=\u001b[49m\u001b[43m \u001b[49m\u001b[43mId\u001b[49m\u001b[43m)\u001b[49m\n",
      "\u001b[36mFile \u001b[39m\u001b[32m/mnt/Computing/I_Fomin/QAOA/logger.py:215\u001b[39m, in \u001b[36mLogger._data_to_line\u001b[39m\u001b[34m(self, data, byid, Id)\u001b[39m\n\u001b[32m    212\u001b[39m columns = \u001b[38;5;28mself\u001b[39m.log_template.columns\n\u001b[32m    213\u001b[39m line = {}\n\u001b[32m--> \u001b[39m\u001b[32m215\u001b[39m log_file = \u001b[38;5;28;43mself\u001b[39;49m\u001b[43m.\u001b[49m\u001b[43m_load_logfile\u001b[49m\u001b[43m(\u001b[49m\u001b[43m)\u001b[49m[\u001b[32m0\u001b[39m]\n\u001b[32m    216\u001b[39m rend_id = \u001b[38;5;28mlen\u001b[39m(log_file)\n\u001b[32m    217\u001b[39m \u001b[38;5;28;01mfor\u001b[39;00m key \u001b[38;5;129;01min\u001b[39;00m columns: \n",
      "\u001b[36mFile \u001b[39m\u001b[32m/mnt/Computing/I_Fomin/QAOA/logger.py:85\u001b[39m, in \u001b[36mLogger._load_logfile\u001b[39m\u001b[34m(self)\u001b[39m\n\u001b[32m     83\u001b[39m \u001b[38;5;28mid\u001b[39m = \u001b[32m0\u001b[39m\n\u001b[32m     84\u001b[39m \u001b[38;5;28;01mtry\u001b[39;00m: \n\u001b[32m---> \u001b[39m\u001b[32m85\u001b[39m     log_file = \u001b[43mpd\u001b[49m\u001b[43m.\u001b[49m\u001b[43mread_csv\u001b[49m\u001b[43m(\u001b[49m\u001b[38;5;28;43mself\u001b[39;49m\u001b[43m.\u001b[49m\u001b[43mlog_path\u001b[49m\u001b[43m)\u001b[49m\n\u001b[32m     87\u001b[39m     \u001b[38;5;28;01mif\u001b[39;00m (\u001b[38;5;28mlist\u001b[39m(log_file.columns) != \u001b[38;5;28mlist\u001b[39m(\u001b[38;5;28mself\u001b[39m.log_template.columns)):\n\u001b[32m     88\u001b[39m         \u001b[38;5;28mprint\u001b[39m(\u001b[33mf\u001b[39m\u001b[33m\"\u001b[39m\u001b[33mColumns in \u001b[39m\u001b[38;5;132;01m{\u001b[39;00m\u001b[38;5;28mself\u001b[39m.log_path\u001b[38;5;132;01m}\u001b[39;00m\u001b[33m are broken. Expected \u001b[39m\u001b[38;5;132;01m{\u001b[39;00m\u001b[38;5;28mself\u001b[39m.log_template.columns\u001b[38;5;132;01m}\u001b[39;00m\u001b[33m and got \u001b[39m\u001b[38;5;132;01m{\u001b[39;00mlog_file.columns\u001b[38;5;132;01m}\u001b[39;00m\u001b[33m \u001b[39m\u001b[38;5;130;01m\\n\u001b[39;00m\u001b[33m missmatch: \u001b[39m\u001b[38;5;132;01m{\u001b[39;00m\u001b[38;5;28mset\u001b[39m(log_file.columns)\u001b[38;5;250m \u001b[39m-\u001b[38;5;250m \u001b[39m\u001b[38;5;28mset\u001b[39m(\u001b[38;5;28mself\u001b[39m.log_template.columns)\u001b[38;5;132;01m}\u001b[39;00m\u001b[33m\"\u001b[39m)\n",
      "\u001b[36mFile \u001b[39m\u001b[32m/mnt/Computing/I_Fomin/.venv/lib/python3.12/site-packages/pandas/io/parsers/readers.py:1026\u001b[39m, in \u001b[36mread_csv\u001b[39m\u001b[34m(filepath_or_buffer, sep, delimiter, header, names, index_col, usecols, dtype, engine, converters, true_values, false_values, skipinitialspace, skiprows, skipfooter, nrows, na_values, keep_default_na, na_filter, verbose, skip_blank_lines, parse_dates, infer_datetime_format, keep_date_col, date_parser, date_format, dayfirst, cache_dates, iterator, chunksize, compression, thousands, decimal, lineterminator, quotechar, quoting, doublequote, escapechar, comment, encoding, encoding_errors, dialect, on_bad_lines, delim_whitespace, low_memory, memory_map, float_precision, storage_options, dtype_backend)\u001b[39m\n\u001b[32m   1013\u001b[39m kwds_defaults = _refine_defaults_read(\n\u001b[32m   1014\u001b[39m     dialect,\n\u001b[32m   1015\u001b[39m     delimiter,\n\u001b[32m   (...)\u001b[39m\u001b[32m   1022\u001b[39m     dtype_backend=dtype_backend,\n\u001b[32m   1023\u001b[39m )\n\u001b[32m   1024\u001b[39m kwds.update(kwds_defaults)\n\u001b[32m-> \u001b[39m\u001b[32m1026\u001b[39m \u001b[38;5;28;01mreturn\u001b[39;00m \u001b[43m_read\u001b[49m\u001b[43m(\u001b[49m\u001b[43mfilepath_or_buffer\u001b[49m\u001b[43m,\u001b[49m\u001b[43m \u001b[49m\u001b[43mkwds\u001b[49m\u001b[43m)\u001b[49m\n",
      "\u001b[36mFile \u001b[39m\u001b[32m/mnt/Computing/I_Fomin/.venv/lib/python3.12/site-packages/pandas/io/parsers/readers.py:626\u001b[39m, in \u001b[36m_read\u001b[39m\u001b[34m(filepath_or_buffer, kwds)\u001b[39m\n\u001b[32m    623\u001b[39m     \u001b[38;5;28;01mreturn\u001b[39;00m parser\n\u001b[32m    625\u001b[39m \u001b[38;5;28;01mwith\u001b[39;00m parser:\n\u001b[32m--> \u001b[39m\u001b[32m626\u001b[39m     \u001b[38;5;28;01mreturn\u001b[39;00m \u001b[43mparser\u001b[49m\u001b[43m.\u001b[49m\u001b[43mread\u001b[49m\u001b[43m(\u001b[49m\u001b[43mnrows\u001b[49m\u001b[43m)\u001b[49m\n",
      "\u001b[36mFile \u001b[39m\u001b[32m/mnt/Computing/I_Fomin/.venv/lib/python3.12/site-packages/pandas/io/parsers/readers.py:1923\u001b[39m, in \u001b[36mTextFileReader.read\u001b[39m\u001b[34m(self, nrows)\u001b[39m\n\u001b[32m   1916\u001b[39m nrows = validate_integer(\u001b[33m\"\u001b[39m\u001b[33mnrows\u001b[39m\u001b[33m\"\u001b[39m, nrows)\n\u001b[32m   1917\u001b[39m \u001b[38;5;28;01mtry\u001b[39;00m:\n\u001b[32m   1918\u001b[39m     \u001b[38;5;66;03m# error: \"ParserBase\" has no attribute \"read\"\u001b[39;00m\n\u001b[32m   1919\u001b[39m     (\n\u001b[32m   1920\u001b[39m         index,\n\u001b[32m   1921\u001b[39m         columns,\n\u001b[32m   1922\u001b[39m         col_dict,\n\u001b[32m-> \u001b[39m\u001b[32m1923\u001b[39m     ) = \u001b[38;5;28;43mself\u001b[39;49m\u001b[43m.\u001b[49m\u001b[43m_engine\u001b[49m\u001b[43m.\u001b[49m\u001b[43mread\u001b[49m\u001b[43m(\u001b[49m\u001b[43m  \u001b[49m\u001b[38;5;66;43;03m# type: ignore[attr-defined]\u001b[39;49;00m\n\u001b[32m   1924\u001b[39m \u001b[43m        \u001b[49m\u001b[43mnrows\u001b[49m\n\u001b[32m   1925\u001b[39m \u001b[43m    \u001b[49m\u001b[43m)\u001b[49m\n\u001b[32m   1926\u001b[39m \u001b[38;5;28;01mexcept\u001b[39;00m \u001b[38;5;167;01mException\u001b[39;00m:\n\u001b[32m   1927\u001b[39m     \u001b[38;5;28mself\u001b[39m.close()\n",
      "\u001b[36mFile \u001b[39m\u001b[32m/mnt/Computing/I_Fomin/.venv/lib/python3.12/site-packages/pandas/io/parsers/c_parser_wrapper.py:234\u001b[39m, in \u001b[36mCParserWrapper.read\u001b[39m\u001b[34m(self, nrows)\u001b[39m\n\u001b[32m    232\u001b[39m \u001b[38;5;28;01mtry\u001b[39;00m:\n\u001b[32m    233\u001b[39m     \u001b[38;5;28;01mif\u001b[39;00m \u001b[38;5;28mself\u001b[39m.low_memory:\n\u001b[32m--> \u001b[39m\u001b[32m234\u001b[39m         chunks = \u001b[38;5;28;43mself\u001b[39;49m\u001b[43m.\u001b[49m\u001b[43m_reader\u001b[49m\u001b[43m.\u001b[49m\u001b[43mread_low_memory\u001b[49m\u001b[43m(\u001b[49m\u001b[43mnrows\u001b[49m\u001b[43m)\u001b[49m\n\u001b[32m    235\u001b[39m         \u001b[38;5;66;03m# destructive to chunks\u001b[39;00m\n\u001b[32m    236\u001b[39m         data = _concatenate_chunks(chunks)\n",
      "\u001b[31mKeyboardInterrupt\u001b[39m: "
     ]
    }
   ],
   "source": [
    "\n",
    "for i in tqdm.tqdm(range(Config['count']), desc = f\"Generating matrices with size {Config['size']}\"):\n",
    "    matrix = np.random.uniform(size = (Config['size'], Config['size']), low = -1, high = 1) \n",
    "    matrix = (matrix.T + matrix) / 2\n",
    "    for budget_frac in Config['budget_fracs']: \n",
    "    \n",
    "        id += 1\n",
    "        \n",
    "        current_datetime = datetime.now()\n",
    "        data = { \n",
    "            'Id (int)' : id, \n",
    "            'Valid (int)' : 1, \n",
    "            'Updated (str)' : current_datetime.strftime(\"%Y-%m-%d %H:%M:%S\"),\n",
    "            'Matrix (mat)' : matrix,\n",
    "            'Size (int)' : Config['size'],\n",
    "            'Type (str)' : 'Penalty',\n",
    "            'Rank (int)' : -1,\n",
    "            'Density (flt)' : -1.0,\n",
    "            'Stiffness (flt)' : -1.0,\n",
    "            'Penalty (str)' : Config['penalty'],\n",
    "            'Budget (flt)' : Config['size'] * budget_frac,\n",
    "            'Test_solver (str)' : '-',\n",
    "            'Test (flt)' : -1.0,\n",
    "            'Test_state (vec)' : [],\n",
    "            'Test_iterations (int)' : -1,\n",
    "            'Test_time (flt)' : -1.0,\n",
    "            'Train_solver (str)' : '-',\n",
    "            'Preprocessing (str)' : '-',\n",
    "            'Postprocessing (str)' : '-',\n",
    "            'Train (flt)' : -1.0,\n",
    "            'Train_state (vec)' : [],\n",
    "            'Train_iterations (int)' : -1, \n",
    "            'Train_iterations_1 (int)' : -1,\n",
    "            'Train_iterations_2 (int)' : -1,\n",
    "            'Train_iterations_3 (int)' : -1,\n",
    "            'Train_shots (int)': -1, \n",
    "            'Train_cost (flt)' : -1.0,\n",
    "            'Train_time (flt)' : -1.0, \n",
    "            'Flags (str)' : '',\n",
    "            'Baren (int)' : -1\n",
    "        }\n",
    "        \n",
    "        log.log(data)\n",
    "\n",
    "    \n",
    "display(log.read(1))"
   ]
  },
  {
   "cell_type": "code",
   "execution_count": 10,
   "id": "9e49449d",
   "metadata": {},
   "outputs": [],
   "source": [
    "import pennylane as qml \n",
    "testdev = qml.device ('default.qubit', wires = Config['size'], shots = Config['shots'])\n",
    "prep = Preparator()"
   ]
  },
  {
   "cell_type": "code",
   "execution_count": 4,
   "id": "fd8af16d",
   "metadata": {},
   "outputs": [],
   "source": [
    "\n",
    "def test (ids : np.ndarray, solver : str = 'bruteforce', log_data : bool = False, progressbar : bool = False ):\n",
    "\n",
    "    ''' \n",
    "    ids : np.ndarray \n",
    "        a list of ids to compute \n",
    "    solver : str \n",
    "        solver to compute with \n",
    "    ''' \n",
    "    \n",
    "    tester = Solver(dev = testdev, ansatz = '')\n",
    "\n",
    "    if (progressbar):\n",
    "        id_range = tqdm(ids, desc = f\"Testing matrices with ids {min(ids)} <--> {max(ids)}\") \n",
    "    else: \n",
    "        id_range = ids\n",
    "    processed_data = []\n",
    "    for id in id_range:\n",
    "\n",
    "        data = log.read(id)\n",
    "\n",
    "        #print(data)\n",
    "        def test_solver(Q : np.ndarray, solver : str = 'bruteforce'): \n",
    "            ''' \n",
    "            tester wrapped\n",
    "            '''\n",
    "            match solver: \n",
    "                case 'bruteforce':\n",
    "                    J, h = prep.isingForm(Q)\n",
    "                    return tester.checkIsing(J, h, constrain = True, k = data['Budget (flt)'])\n",
    "                case 'GW':\n",
    "                    pass\n",
    "                case 'Annealing': \n",
    "                    pass\n",
    "        print(f'Matrix : {np.array(data['Matrix (mat)'])} | Budget : {data['Budget (flt)']} | Penalty : {Config['penalty']}')\n",
    "\n",
    "        \n",
    "        Q = data['Matrix (mat)']\n",
    "        tested_data = data.copy()\n",
    "        \n",
    "        test, test_state, test_time = test_solver(Q)\n",
    "        current_datetime = datetime.now()\n",
    "\n",
    "        tested_data['Test (flt)'] = test \n",
    "        tested_data['Test_state (vec)'] = test_state[0].numpy()\n",
    "        tested_data['Test_time (flt)'] = test_time\n",
    "        tested_data['Test_solver (flt)'] = solver\n",
    "        tested_data['Updated (str)'] = current_datetime.strftime(\"%Y-%m-%d %H:%M:%S\")\n",
    "\n",
    "        processed_data.append(tested_data)\n",
    "\n",
    "        if (log_data): \n",
    "            log.log(tested_data, byid = True, Id = id)\n",
    "    return processed_data\n"
   ]
  },
  {
   "cell_type": "code",
   "execution_count": null,
   "id": "be600689",
   "metadata": {},
   "outputs": [],
   "source": [
    "# test(range(1,21), solver = 'bruteforce')"
   ]
  },
  {
   "cell_type": "code",
   "execution_count": 5,
   "id": "1f006248",
   "metadata": {},
   "outputs": [
    {
     "name": "stdout",
     "output_type": "stream",
     "text": [
      "Matrix : [[-0.27048688  0.27974031 -0.3606227   0.17996606  0.55090435  0.17689486\n",
      "  -0.2556318  -0.26324868  0.15759187  0.20913779]\n",
      " [ 0.27974031  0.24746174  0.22551017  0.51977914  0.6724946   0.40548559\n",
      "   0.61680599 -0.30826908 -0.40562877 -0.46521858]\n",
      " [-0.3606227   0.22551017  0.5960818   0.44144673  0.17329611 -0.14006227\n",
      "  -0.37312542 -0.17895852  0.30077278 -0.4467994 ]\n",
      " [ 0.17996606  0.51977914  0.44144673 -0.18692495 -0.01726326  0.32920755\n",
      "   0.1915374   0.5100658  -0.00167804  0.59424396]\n",
      " [ 0.55090435  0.6724946   0.17329611 -0.01726326  0.44907367  0.30230389\n",
      "  -0.13928718 -0.10718828 -0.3580383   0.11777793]\n",
      " [ 0.17689486  0.40548559 -0.14006227  0.32920755  0.30230389 -0.77965864\n",
      "  -0.06161721 -0.0369873  -0.65433584 -0.35294728]\n",
      " [-0.2556318   0.61680599 -0.37312542  0.1915374  -0.13928718 -0.06161721\n",
      "   0.77308157  0.27935397 -0.61174846 -0.21091338]\n",
      " [-0.26324868 -0.30826908 -0.17895852  0.5100658  -0.10718828 -0.0369873\n",
      "   0.27935397 -0.76894082 -0.72685585  0.43991778]\n",
      " [ 0.15759187 -0.40562877  0.30077278 -0.00167804 -0.3580383  -0.65433584\n",
      "  -0.61174846 -0.72685585  0.54753988  0.3395848 ]\n",
      " [ 0.20913779 -0.46521858 -0.4467994   0.59424396  0.11777793 -0.35294728\n",
      "  -0.21091338  0.43991778  0.3395848   0.36299455]] | Budget : 2.0 | Penalty : MOC\n",
      "Matrix : [[ 0.35365379  0.49025832 -0.37840171  0.29192713 -0.29529828 -0.28919977\n",
      "  -0.44187883  0.71874306  0.16740278 -0.46661628]\n",
      " [ 0.49025832  0.50605486  0.85720992  0.48225933  0.70531146 -0.23944011\n",
      "   0.46644233 -0.03061035 -0.35724752  0.33201812]\n",
      " [-0.37840171  0.85720992 -0.71530618  0.42140491  0.78063513 -0.37397854\n",
      "  -0.40828739  0.39124263 -0.01005326  0.45779207]\n",
      " [ 0.29192713  0.48225933  0.42140491 -0.97178011  0.38360848  0.24879207\n",
      "   0.07964637  0.08118435  0.8105863   0.34655747]\n",
      " [-0.29529828  0.70531146  0.78063513  0.38360848  0.05827107 -0.10109856\n",
      "   0.49510131 -0.24281135  0.34424837 -0.1219137 ]\n",
      " [-0.28919977 -0.23944011 -0.37397854  0.24879207 -0.10109856  0.97027694\n",
      "  -0.17544646  0.39479633  0.12111724  0.27222809]\n",
      " [-0.44187883  0.46644233 -0.40828739  0.07964637  0.49510131 -0.17544646\n",
      "  -0.73495386  0.62418372  0.52839718 -0.42392045]\n",
      " [ 0.71874306 -0.03061035  0.39124263  0.08118435 -0.24281135  0.39479633\n",
      "   0.62418372  0.79582695  0.20878076 -0.77354172]\n",
      " [ 0.16740278 -0.35724752 -0.01005326  0.8105863   0.34424837  0.12111724\n",
      "   0.52839718  0.20878076 -0.26522221  0.26234208]\n",
      " [-0.46661628  0.33201812  0.45779207  0.34655747 -0.1219137   0.27222809\n",
      "  -0.42392045 -0.77354172  0.26234208 -0.22492122]] | Budget : 2.0 | Penalty : MOC\n",
      "Matrix : [[-0.39891897  0.24083709  0.17678342  0.62903353  0.44832769  0.61661735\n",
      "   0.68650466  0.60293795 -0.13412903 -0.44943393]\n",
      " [ 0.24083709  0.51596189 -0.6110037   0.63863822 -0.27517305 -0.52476237\n",
      "  -0.15381917  0.40356842  0.18952082  0.30958159]\n",
      " [ 0.17678342 -0.6110037   0.20907617 -0.18948644  0.07617697  0.65893565\n",
      "   0.27832444  0.92361804  0.06867258  0.39133285]\n",
      " [ 0.62903353  0.63863822 -0.18948644 -0.946713   -0.29729037 -0.35652868\n",
      "  -0.4985657   0.09089834 -0.06570466  0.05165091]\n",
      " [ 0.44832769 -0.27517305  0.07617697 -0.29729037 -0.97043736  0.11185582\n",
      "   0.03016128 -0.24306922  0.37482509  0.23393205]\n",
      " [ 0.61661735 -0.52476237  0.65893565 -0.35652868  0.11185582 -0.81243837\n",
      "  -0.11302549  0.19920346 -0.38712877  0.45620198]\n",
      " [ 0.68650466 -0.15381917  0.27832444 -0.4985657   0.03016128 -0.11302549\n",
      "   0.17006366 -0.33446606  0.88520372 -0.40813649]\n",
      " [ 0.60293795  0.40356842  0.92361804  0.09089834 -0.24306922  0.19920346\n",
      "  -0.33446606 -0.24737325  0.11961577 -0.46793865]\n",
      " [-0.13412903  0.18952082  0.06867258 -0.06570466  0.37482509 -0.38712877\n",
      "   0.88520372  0.11961577  0.44191991 -0.55709501]\n",
      " [-0.44943393  0.30958159  0.39133285  0.05165091  0.23393205  0.45620198\n",
      "  -0.40813649 -0.46793865 -0.55709501  0.52757435]] | Budget : 2.0 | Penalty : MOCMatrix : [[ 0.15522387  0.2218108  -0.18896953 -0.32147042 -0.40016782 -0.18933564\n",
      "  -0.33981242  0.23745046  0.0470868   0.33877702]\n",
      " [ 0.2218108   0.19633892  0.20386139 -0.39863304 -0.13562033  0.63081925\n",
      "  -0.34278531  0.41502105  0.53359639 -0.26394923]\n",
      " [-0.18896953  0.20386139 -0.34705363  0.48481622 -0.59038794  0.32475782\n",
      "   0.46405399 -0.75621001  0.07512153 -0.46128693]\n",
      " [-0.32147042 -0.39863304  0.48481622  0.09169561 -0.64104521  0.52560729\n",
      "  -0.18904292 -0.17607948  0.12596792  0.20230756]\n",
      " [-0.40016782 -0.13562033 -0.59038794 -0.64104521  0.43184752  0.25288674\n",
      "  -0.09878634 -0.16136239  0.30470815  0.20184704]\n",
      " [-0.18933564  0.63081925  0.32475782  0.52560729  0.25288674  0.66664362\n",
      "  -0.21060459 -0.60204596 -0.18997976  0.82518324]\n",
      " [-0.33981242 -0.34278531  0.46405399 -0.18904292 -0.09878634 -0.21060459\n",
      "  -0.77703995 -0.55224527 -0.40189551 -0.43145804]\n",
      " [ 0.23745046  0.41502105 -0.75621001 -0.17607948 -0.16136239 -0.60204596\n",
      "  -0.55224527 -0.93924787 -0.18171319 -0.03138396]\n",
      " [ 0.0470868   0.53359639  0.07512153  0.12596792  0.30470815 -0.18997976\n",
      "  -0.40189551 -0.18171319 -0.41697495 -0.75486946]\n",
      " [ 0.33877702 -0.26394923 -0.46128693  0.20230756  0.20184704  0.82518324\n",
      "  -0.43145804 -0.03138396 -0.75486946 -0.68735281]] | Budget : 2.0 | Penalty : MOC\n",
      "\n",
      "Matrix : [[ 0.47524334  0.76632638 -0.67678888  0.22673402 -0.17885554  0.36310247\n",
      "  -0.36788557  0.70287396  0.0716325  -0.49093991]\n",
      " [ 0.76632638 -0.05093587 -0.06092992 -0.1123398   0.09295409  0.86113324\n",
      "   0.63147423 -0.53903028  0.25565479  0.25262546]\n",
      " [-0.67678888 -0.06092992 -0.84967801  0.38146242 -0.33477304  0.51869029\n",
      "   0.09219086 -0.17538765  0.78412512  0.31599885]\n",
      " [ 0.22673402 -0.1123398   0.38146242  0.30945243 -0.12413375 -0.40943098\n",
      "  -0.01359132 -0.15409313  0.04762701  0.20715663]\n",
      " [-0.17885554  0.09295409 -0.33477304 -0.12413375  0.3390644   0.10886106\n",
      "   0.22796761 -0.28437591 -0.0719618  -0.0050604 ]\n",
      " [ 0.36310247  0.86113324  0.51869029 -0.40943098  0.10886106  0.25524596\n",
      "   0.50920125  0.42412889  0.10307249 -0.5925743 ]\n",
      " [-0.36788557  0.63147423  0.09219086 -0.01359132  0.22796761  0.50920125\n",
      "  -0.14152955 -0.62683936 -0.62226236  0.0646667 ]\n",
      " [ 0.70287396 -0.53903028 -0.17538765 -0.15409313 -0.28437591  0.42412889\n",
      "  -0.62683936 -0.8191939   0.24058939  0.51026448]\n",
      " [ 0.0716325   0.25565479  0.78412512  0.04762701 -0.0719618   0.10307249\n",
      "  -0.62226236  0.24058939  0.93796552  0.04335403]\n",
      " [-0.49093991  0.25262546  0.31599885  0.20715663 -0.0050604  -0.5925743\n",
      "   0.0646667   0.51026448  0.04335403 -0.86648931]] | Budget : 2.0 | Penalty : MOCMatrix : [[-0.25181119 -0.1254799  -0.33913343 -0.54804844  0.48575397  0.00416723\n",
      "  -0.13161105  0.11885091  0.4378535  -0.30084214]\n",
      " [-0.1254799   0.31168767  0.49760748 -0.10016909  0.30296345 -0.30083645\n",
      "  -0.31807456 -0.4082926   0.76215545  0.72714599]\n",
      " [-0.33913343  0.49760748 -0.94548178 -0.69276835  0.22712303  0.30864774\n",
      "  -0.52329014  0.44083197 -0.04201562 -0.36496583]\n",
      " [-0.54804844 -0.10016909 -0.69276835 -0.34846136 -0.12848566  0.44201181\n",
      "  -0.36708818  0.14365261 -0.3802448   0.35051104]\n",
      " [ 0.48575397  0.30296345  0.22712303 -0.12848566  0.70924828 -0.40359694\n",
      "   0.04008263  0.39007575  0.12699196 -0.38327257]\n",
      " [ 0.00416723 -0.30083645  0.30864774  0.44201181 -0.40359694 -0.95180102\n",
      "  -0.16073068  0.02205378  0.50390329  0.00684598]\n",
      " [-0.13161105 -0.31807456 -0.52329014 -0.36708818  0.04008263 -0.16073068\n",
      "  -0.27054234  0.03755638  0.56348647 -0.464205  ]\n",
      " [ 0.11885091 -0.4082926   0.44083197  0.14365261  0.39007575  0.02205378\n",
      "   0.03755638 -0.80376627  0.57508795  0.41348383]\n",
      " [ 0.4378535   0.76215545 -0.04201562 -0.3802448   0.12699196  0.50390329\n",
      "   0.56348647  0.57508795  0.2299198  -0.73804345]\n",
      " [-0.30084214  0.72714599 -0.36496583  0.35051104 -0.38327257  0.00684598\n",
      "  -0.464205    0.41348383 -0.73804345  0.29611592]] | Budget : 2.0 | Penalty : MOC\n",
      "Matrix : [[-0.44712429  0.20364294  0.34156256 -0.29180029 -0.04266544 -0.04227874\n",
      "  -0.29362057 -0.30409934 -0.54732683  0.15740582]\n",
      " [ 0.20364294 -0.20648269 -0.10465805  0.74637466  0.39932099 -0.55152459\n",
      "  -0.54610909 -0.19061147  0.1029767   0.26301697]\n",
      " [ 0.34156256 -0.10465805 -0.30235674 -0.07858998 -0.41438802 -0.15239762\n",
      "   0.5664081   0.35139287 -0.51779994  0.07674524]\n",
      " [-0.29180029  0.74637466 -0.07858998  0.23631088  0.37137371 -0.49010185\n",
      "   0.72834744  0.30421858  0.53414697  0.1726704 ]\n",
      " [-0.04266544  0.39932099 -0.41438802  0.37137371 -0.31349603 -0.53996602\n",
      "   0.15330832  0.70340621 -0.07831723 -0.23652774]\n",
      " [-0.04227874 -0.55152459 -0.15239762 -0.49010185 -0.53996602  0.58744217\n",
      "  -0.43546746 -0.26298209  0.57298864 -0.01902477]\n",
      " [-0.29362057 -0.54610909  0.5664081   0.72834744  0.15330832 -0.43546746\n",
      "  -0.84735523  0.46677571 -0.93290489  0.00140007]\n",
      " [-0.30409934 -0.19061147  0.35139287  0.30421858  0.70340621 -0.26298209\n",
      "   0.46677571 -0.23297366  0.16723167  0.05282339]\n",
      " [-0.54732683  0.1029767  -0.51779994  0.53414697 -0.07831723  0.57298864\n",
      "  -0.93290489  0.16723167  0.93187286 -0.04369134]\n",
      " [ 0.15740582  0.26301697  0.07674524  0.1726704  -0.23652774 -0.01902477\n",
      "   0.00140007  0.05282339 -0.04369134  0.9752522 ]] | Budget : 2.0 | Penalty : MOC\n",
      "Matrix : [[-0.47366415  0.04277221  0.54612557  0.10511339 -0.25607298 -0.01765473\n",
      "  -0.7375265  -0.34795996  0.22949273 -0.02418646]\n",
      " [ 0.04277221  0.99801783 -0.09789552 -0.66931984 -0.48907895 -0.12540131\n",
      "   0.25123067  0.29711027 -0.56218133 -0.10052695]\n",
      " [ 0.54612557 -0.09789552  0.62393381  0.60803845  0.73350688 -0.10577924\n",
      "   0.07214095 -0.59454643  0.13225501  0.28102222]\n",
      " [ 0.10511339 -0.66931984  0.60803845  0.72780977 -0.21665632 -0.15269858\n",
      "  -0.33755705  0.36142642 -0.17166309 -0.49494826]\n",
      " [-0.25607298 -0.48907895  0.73350688 -0.21665632  0.71646917 -0.37591041\n",
      "   0.75817479 -0.4917222   0.27589867  0.04730264]\n",
      " [-0.01765473 -0.12540131 -0.10577924 -0.15269858 -0.37591041 -0.29435803\n",
      "  -0.10513328 -0.79356102  0.51307447  0.12929793]\n",
      " [-0.7375265   0.25123067  0.07214095 -0.33755705  0.75817479 -0.10513328\n",
      "   0.60910249 -0.22842333  0.04270075 -0.13594888]\n",
      " [-0.34795996  0.29711027 -0.59454643  0.36142642 -0.4917222  -0.79356102\n",
      "  -0.22842333 -0.77261958  0.27602398  0.08350071]\n",
      " [ 0.22949273 -0.56218133  0.13225501 -0.17166309  0.27589867  0.51307447\n",
      "   0.04270075  0.27602398  0.19359898  0.29227288]\n",
      " [-0.02418646 -0.10052695  0.28102222 -0.49494826  0.04730264  0.12929793\n",
      "  -0.13594888  0.08350071  0.29227288 -0.20289642]] | Budget : 2.0 | Penalty : MOC\n",
      "\n",
      "Matrix : [[ 0.81089915 -0.13186577  0.13398161  0.30771999 -0.01604004  0.50655409\n",
      "  -0.02704877 -0.23196662 -0.38637295 -0.09411505]\n",
      " [-0.13186577 -0.31744433  0.41414852 -0.6115988  -0.34018565 -0.56004301\n",
      "   0.46094028  0.79566248 -0.77146517 -0.25958104]\n",
      " [ 0.13398161  0.41414852 -0.87396486 -0.44909688  0.11119654 -0.02285263\n",
      "  -0.37395389  0.62027002 -0.04891492  0.18866657]\n",
      " [ 0.30771999 -0.6115988  -0.44909688 -0.06449337 -0.13014756  0.53810755\n",
      "  -0.42249197  0.29811033  0.15968829  0.38367764]\n",
      " [-0.01604004 -0.34018565  0.11119654 -0.13014756  0.91220112 -0.47174747\n",
      "  -0.1971043  -0.01814942  0.0251938  -0.11360032]\n",
      " [ 0.50655409 -0.56004301 -0.02285263  0.53810755 -0.47174747 -0.51378249\n",
      "   0.01671105 -0.68267128 -0.52259934  0.05585423]\n",
      " [-0.02704877  0.46094028 -0.37395389 -0.42249197 -0.1971043   0.01671105\n",
      "  -0.36589202 -0.17915382 -0.60509983 -0.24754573]\n",
      " [-0.23196662  0.79566248  0.62027002  0.29811033 -0.01814942 -0.68267128\n",
      "  -0.17915382 -0.76167985  0.28882237  0.24890726]\n",
      " [-0.38637295 -0.77146517 -0.04891492  0.15968829  0.0251938  -0.52259934\n",
      "  -0.60509983  0.28882237 -0.11839976 -0.25887113]\n",
      " [-0.09411505 -0.25958104  0.18866657  0.38367764 -0.11360032  0.05585423\n",
      "  -0.24754573  0.24890726 -0.25887113 -0.80870624]] | Budget : 2.0 | Penalty : MOC\n",
      "Matrix : [[ 0.63360466  0.19681843  0.15246466 -0.18818346 -0.18264396  0.13930185\n",
      "  -0.87377884  0.36677705  0.19204     0.70008332]\n",
      " [ 0.19681843  0.83527315  0.19383134 -0.31955876  0.12181951 -0.66215942\n",
      "  -0.27981318 -0.0745612   0.45327958  0.18955868]\n",
      " [ 0.15246466  0.19383134  0.87592416 -0.01449883 -0.15248632  0.06986459\n",
      "   0.53854705 -0.44815972  0.15286551 -0.42928262]\n",
      " [-0.18818346 -0.31955876 -0.01449883  0.61745988 -0.40017903  0.22321222\n",
      "   0.2733045   0.52617205  0.35146423  0.13098601]\n",
      " [-0.18264396  0.12181951 -0.15248632 -0.40017903  0.43293875  0.19877129\n",
      "   0.00341577 -0.61547071 -0.04650861  0.21731991]\n",
      " [ 0.13930185 -0.66215942  0.06986459  0.22321222  0.19877129  0.17370641\n",
      "   0.12064785 -0.37700442 -0.47748729 -0.10375484]\n",
      " [-0.87377884 -0.27981318  0.53854705  0.2733045   0.00341577  0.12064785\n",
      "  -0.73641002 -0.25038087 -0.62338351  0.06363227]\n",
      " [ 0.36677705 -0.0745612  -0.44815972  0.52617205 -0.61547071 -0.37700442\n",
      "  -0.25038087  0.34542608  0.55424265  0.37541093]\n",
      " [ 0.19204     0.45327958  0.15286551  0.35146423 -0.04650861 -0.47748729\n",
      "  -0.62338351  0.55424265 -0.793962   -0.02251339]\n",
      " [ 0.70008332  0.18955868 -0.42928262  0.13098601  0.21731991 -0.10375484\n",
      "   0.06363227  0.37541093 -0.02251339  0.72723033]] | Budget : 2.0 | Penalty : MOC\n"
     ]
    },
    {
     "name": "stdout",
     "output_type": "stream",
     "text": [
      "Matrix : [[-0.47366415  0.04277221  0.54612557  0.10511339 -0.25607298 -0.01765473\n",
      "  -0.7375265  -0.34795996  0.22949273 -0.02418646]\n",
      " [ 0.04277221  0.99801783 -0.09789552 -0.66931984 -0.48907895 -0.12540131\n",
      "   0.25123067  0.29711027 -0.56218133 -0.10052695]\n",
      " [ 0.54612557 -0.09789552  0.62393381  0.60803845  0.73350688 -0.10577924\n",
      "   0.07214095 -0.59454643  0.13225501  0.28102222]\n",
      " [ 0.10511339 -0.66931984  0.60803845  0.72780977 -0.21665632 -0.15269858\n",
      "  -0.33755705  0.36142642 -0.17166309 -0.49494826]\n",
      " [-0.25607298 -0.48907895  0.73350688 -0.21665632  0.71646917 -0.37591041\n",
      "   0.75817479 -0.4917222   0.27589867  0.04730264]\n",
      " [-0.01765473 -0.12540131 -0.10577924 -0.15269858 -0.37591041 -0.29435803\n",
      "  -0.10513328 -0.79356102  0.51307447  0.12929793]\n",
      " [-0.7375265   0.25123067  0.07214095 -0.33755705  0.75817479 -0.10513328\n",
      "   0.60910249 -0.22842333  0.04270075 -0.13594888]\n",
      " [-0.34795996  0.29711027 -0.59454643  0.36142642 -0.4917222  -0.79356102\n",
      "  -0.22842333 -0.77261958  0.27602398  0.08350071]\n",
      " [ 0.22949273 -0.56218133  0.13225501 -0.17166309  0.27589867  0.51307447\n",
      "   0.04270075  0.27602398  0.19359898  0.29227288]\n",
      " [-0.02418646 -0.10052695  0.28102222 -0.49494826  0.04730264  0.12929793\n",
      "  -0.13594888  0.08350071  0.29227288 -0.20289642]] | Budget : 3.0 | Penalty : MOC\n",
      "Matrix : [[ 0.47524334  0.76632638 -0.67678888  0.22673402 -0.17885554  0.36310247\n",
      "  -0.36788557  0.70287396  0.0716325  -0.49093991]\n",
      " [ 0.76632638 -0.05093587 -0.06092992 -0.1123398   0.09295409  0.86113324\n",
      "   0.63147423 -0.53903028  0.25565479  0.25262546]\n",
      " [-0.67678888 -0.06092992 -0.84967801  0.38146242 -0.33477304  0.51869029\n",
      "   0.09219086 -0.17538765  0.78412512  0.31599885]\n",
      " [ 0.22673402 -0.1123398   0.38146242  0.30945243 -0.12413375 -0.40943098\n",
      "  -0.01359132 -0.15409313  0.04762701  0.20715663]\n",
      " [-0.17885554  0.09295409 -0.33477304 -0.12413375  0.3390644   0.10886106\n",
      "   0.22796761 -0.28437591 -0.0719618  -0.0050604 ]\n",
      " [ 0.36310247  0.86113324  0.51869029 -0.40943098  0.10886106  0.25524596\n",
      "   0.50920125  0.42412889  0.10307249 -0.5925743 ]\n",
      " [-0.36788557  0.63147423  0.09219086 -0.01359132  0.22796761  0.50920125\n",
      "  -0.14152955 -0.62683936 -0.62226236  0.0646667 ]\n",
      " [ 0.70287396 -0.53903028 -0.17538765 -0.15409313 -0.28437591  0.42412889\n",
      "  -0.62683936 -0.8191939   0.24058939  0.51026448]\n",
      " [ 0.0716325   0.25565479  0.78412512  0.04762701 -0.0719618   0.10307249\n",
      "  -0.62226236  0.24058939  0.93796552  0.04335403]\n",
      " [-0.49093991  0.25262546  0.31599885  0.20715663 -0.0050604  -0.5925743\n",
      "   0.0646667   0.51026448  0.04335403 -0.86648931]] | Budget : 3.0 | Penalty : MOC\n",
      "Matrix : [[ 0.63360466  0.19681843  0.15246466 -0.18818346 -0.18264396  0.13930185\n",
      "  -0.87377884  0.36677705  0.19204     0.70008332]\n",
      " [ 0.19681843  0.83527315  0.19383134 -0.31955876  0.12181951 -0.66215942\n",
      "  -0.27981318 -0.0745612   0.45327958  0.18955868]\n",
      " [ 0.15246466  0.19383134  0.87592416 -0.01449883 -0.15248632  0.06986459\n",
      "   0.53854705 -0.44815972  0.15286551 -0.42928262]\n",
      " [-0.18818346 -0.31955876 -0.01449883  0.61745988 -0.40017903  0.22321222\n",
      "   0.2733045   0.52617205  0.35146423  0.13098601]\n",
      " [-0.18264396  0.12181951 -0.15248632 -0.40017903  0.43293875  0.19877129\n",
      "   0.00341577 -0.61547071 -0.04650861  0.21731991]\n",
      " [ 0.13930185 -0.66215942  0.06986459  0.22321222  0.19877129  0.17370641\n",
      "   0.12064785 -0.37700442 -0.47748729 -0.10375484]\n",
      " [-0.87377884 -0.27981318  0.53854705  0.2733045   0.00341577  0.12064785\n",
      "  -0.73641002 -0.25038087 -0.62338351  0.06363227]\n",
      " [ 0.36677705 -0.0745612  -0.44815972  0.52617205 -0.61547071 -0.37700442\n",
      "  -0.25038087  0.34542608  0.55424265  0.37541093]\n",
      " [ 0.19204     0.45327958  0.15286551  0.35146423 -0.04650861 -0.47748729\n",
      "  -0.62338351  0.55424265 -0.793962   -0.02251339]\n",
      " [ 0.70008332  0.18955868 -0.42928262  0.13098601  0.21731991 -0.10375484\n",
      "   0.06363227  0.37541093 -0.02251339  0.72723033]] | Budget : 3.0 | Penalty : MOC\n",
      "Matrix : [[-0.39891897  0.24083709  0.17678342  0.62903353  0.44832769  0.61661735\n",
      "   0.68650466  0.60293795 -0.13412903 -0.44943393]\n",
      " [ 0.24083709  0.51596189 -0.6110037   0.63863822 -0.27517305 -0.52476237\n",
      "  -0.15381917  0.40356842  0.18952082  0.30958159]\n",
      " [ 0.17678342 -0.6110037   0.20907617 -0.18948644  0.07617697  0.65893565\n",
      "   0.27832444  0.92361804  0.06867258  0.39133285]\n",
      " [ 0.62903353  0.63863822 -0.18948644 -0.946713   -0.29729037 -0.35652868\n",
      "  -0.4985657   0.09089834 -0.06570466  0.05165091]\n",
      " [ 0.44832769 -0.27517305  0.07617697 -0.29729037 -0.97043736  0.11185582\n",
      "   0.03016128 -0.24306922  0.37482509  0.23393205]\n",
      " [ 0.61661735 -0.52476237  0.65893565 -0.35652868  0.11185582 -0.81243837\n",
      "  -0.11302549  0.19920346 -0.38712877  0.45620198]\n",
      " [ 0.68650466 -0.15381917  0.27832444 -0.4985657   0.03016128 -0.11302549\n",
      "   0.17006366 -0.33446606  0.88520372 -0.40813649]\n",
      " [ 0.60293795  0.40356842  0.92361804  0.09089834 -0.24306922  0.19920346\n",
      "  -0.33446606 -0.24737325  0.11961577 -0.46793865]\n",
      " [-0.13412903  0.18952082  0.06867258 -0.06570466  0.37482509 -0.38712877\n",
      "   0.88520372  0.11961577  0.44191991 -0.55709501]\n",
      " [-0.44943393  0.30958159  0.39133285  0.05165091  0.23393205  0.45620198\n",
      "  -0.40813649 -0.46793865 -0.55709501  0.52757435]] | Budget : 3.0 | Penalty : MOC\n",
      "Matrix : [[ 0.81089915 -0.13186577  0.13398161  0.30771999 -0.01604004  0.50655409\n",
      "  -0.02704877 -0.23196662 -0.38637295 -0.09411505]\n",
      " [-0.13186577 -0.31744433  0.41414852 -0.6115988  -0.34018565 -0.56004301\n",
      "   0.46094028  0.79566248 -0.77146517 -0.25958104]\n",
      " [ 0.13398161  0.41414852 -0.87396486 -0.44909688  0.11119654 -0.02285263\n",
      "  -0.37395389  0.62027002 -0.04891492  0.18866657]\n",
      " [ 0.30771999 -0.6115988  -0.44909688 -0.06449337 -0.13014756  0.53810755\n",
      "  -0.42249197  0.29811033  0.15968829  0.38367764]\n",
      " [-0.01604004 -0.34018565  0.11119654 -0.13014756  0.91220112 -0.47174747\n",
      "  -0.1971043  -0.01814942  0.0251938  -0.11360032]\n",
      " [ 0.50655409 -0.56004301 -0.02285263  0.53810755 -0.47174747 -0.51378249\n",
      "   0.01671105 -0.68267128 -0.52259934  0.05585423]\n",
      " [-0.02704877  0.46094028 -0.37395389 -0.42249197 -0.1971043   0.01671105\n",
      "  -0.36589202 -0.17915382 -0.60509983 -0.24754573]\n",
      " [-0.23196662  0.79566248  0.62027002  0.29811033 -0.01814942 -0.68267128\n",
      "  -0.17915382 -0.76167985  0.28882237  0.24890726]\n",
      " [-0.38637295 -0.77146517 -0.04891492  0.15968829  0.0251938  -0.52259934\n",
      "  -0.60509983  0.28882237 -0.11839976 -0.25887113]\n",
      " [-0.09411505 -0.25958104  0.18866657  0.38367764 -0.11360032  0.05585423\n",
      "  -0.24754573  0.24890726 -0.25887113 -0.80870624]] | Budget : 3.0 | Penalty : MOC\n",
      "Matrix : [[-0.27048688  0.27974031 -0.3606227   0.17996606  0.55090435  0.17689486\n",
      "  -0.2556318  -0.26324868  0.15759187  0.20913779]\n",
      " [ 0.27974031  0.24746174  0.22551017  0.51977914  0.6724946   0.40548559\n",
