Id (int),Valid (int),Updated (str),Matrix (mat),Size (int),Type (str),Rank (int),Density (flt),Stiffness (flt),Other (flt),Test_solver (str),Test (flt),Test_state (vec),Test_iterations (int),Test_time (flt),Train_solver (str),Preprocessing (str),Postprocessing (str),Train (flt),Train_state (vec),Train_iterations_1 (int),Train_iterations_2 (int),Train_iterations_3 (int),Train_cost (flt),Train_shots (int),Train_time (flt),Flags (str)
0,0,0,0,0,0,0,0.0,0,0.0,0,0.0,0,0,0.0,0,0,0,0.0,0,0,0,0,0.0,0,0.0,0.0
1,1,2025-08-20 10:59:56,"[[0.0,0.3103145556093045,0.1362219611576966,0.06303674110562948,0.02761146265120125,0.008755813966206234,0.16449953470147605,-0.19080417265169142,-0.05447353174246255,0.04395626049623372,0.18395950139926237,0.13190339485588956,0.2754593342537819,-0.08487328519696007],[0.3103145556093045,0.0,0.14800611900927169,-0.32212316316263573,-0.1085999659819978,-0.23794476191470812,0.02600424541927833,-0.2081295857354187,-0.014471538404529312,0.10374568876696647,0.6066682695333816,-0.4507364338447931,0.2525252330414096,0.06272718545254398],[0.1362219611576966,0.14800611900927169,0.0,-0.03974393182275012,0.0532036774089068,0.14829866390725877,-0.052262910248571735,0.056222689594857406,-0.1589420296888614,0.029616193029107285,-0.15186922021226357,0.15069668448334667,-0.027559191919354575,-0.20694839597762513],[0.06303674110562948,-0.32212316316263573,-0.03974393182275012,0.0,-0.3436255252718767,-0.48181705100984645,-0.30269286019263925,-0.4884937189925453,-0.051791435110444,-0.193811793529022,0.2261210905590854,0.05026691195574044,0.2990593746577109,0.2026954382329592],[0.02761146265120125,-0.1085999659819978,0.0532036774089068,-0.3436255252718767,0.0,-0.0532007029026246,-0.03869887471550625,0.140927155240557,0.16647263506977977,0.26182414556801636,-0.021794510156970558,-0.3211414204759005,0.09933252873799697,0.019673506453251444],[0.008755813966206234,-0.23794476191470812,0.14829866390725877,-0.48181705100984645,-0.0532007029026246,0.0,-0.1384344464977328,0.39608914983377647,0.11033099469442473,0.2994646124863257,0.17654688239174676,0.00713188565700261,-0.24727926837494152,0.003589596545268761],[0.16449953470147605,0.02600424541927833,-0.052262910248571735,-0.30269286019263925,-0.03869887471550625,-0.1384344464977328,0.0,0.033353755957074585,0.07800165688086938,0.09056986041114753,0.24585101107232504,-0.032861413009747764,0.1565180394893711,0.1188326902251033],[-0.19080417265169142,-0.2081295857354187,0.056222689594857406,-0.4884937189925453,0.140927155240557,0.39608914983377647,0.033353755957074585,0.0,0.12887991681123612,-0.057348880122132115,-0.234967870381178,-0.07394273373204911,-0.5017086850515362,-0.042489627367537586],[-0.05447353174246255,-0.014471538404529312,-0.1589420296888614,-0.051791435110444,0.16647263506977977,0.11033099469442473,0.07800165688086938,0.12887991681123612,0.0,0.021659874880525655,-0.011968881400201387,0.23316109032911872,-0.03897832138151527,0.043788778806778714],[0.04395626049623372,0.10374568876696647,0.029616193029107285,-0.193811793529022,0.26182414556801636,0.2994646124863257,0.09056986041114753,-0.057348880122132115,0.021659874880525655,0.0,-0.19039686046000825,0.021634036118489713,0.2818594924594902,-0.036258300806342195],[0.18395950139926237,0.6066682695333816,-0.15186922021226357,0.2261210905590854,-0.021794510156970558,0.17654688239174676,0.24585101107232504,-0.234967870381178,-0.011968881400201387,-0.19039686046000825,0.0,-0.1119645261987448,0.2506689856232789,-0.12563586761716092],[0.13190339485588956,-0.4507364338447931,0.15069668448334667,0.05026691195574044,-0.3211414204759005,0.00713188565700261,-0.032861413009747764,-0.07394273373204911,0.23316109032911872,0.021634036118489713,-0.1119645261987448,0.0,0.054634729721593306,0.11078677733022389],[0.2754593342537819,0.2525252330414096,-0.027559191919354575,0.2990593746577109,0.09933252873799697,-0.24727926837494152,0.1565180394893711,-0.5017086850515362,-0.03897832138151527,0.2818594924594902,0.2506689856232789,0.054634729721593306,0.0,-0.019330831577689944],[-0.08487328519696007,0.06272718545254398,-0.20694839597762513,0.2026954382329592,0.019673506453251444,0.003589596545268761,0.1188326902251033,-0.042489627367537586,0.043788778806778714,-0.036258300806342195,-0.12563586761716092,0.11078677733022389,-0.019330831577689944,0.0]]",14,Stiff,-1,-1.0,1,-1.0,-,-3.1594303756772835,"[-1.,1.,-1.,1.,1.,1.,1.,1.,-1.,-1.,-1.,1.,-1.,-1.]",-1,2.984510898590088,-,-,-,-3.1594303756772835,"[-1,1,-1,1,1,1,1,1,-1,-1,-1,1,-1,-1]",6,-1,5,-1.0,-1,65.82871150970459,
2,1,2025-08-20 10:59:43,"[[0.0,0.02474747924863261,0.00334831793538682,0.04671760065387937,-0.04800842918526714,-0.22093670392797557,-0.1296153980766158,-0.012664729593350955,0.2575712983972899,0.026300485036243264,-0.08402956170383957,0.09961197868853591,-0.029517081940863048,-0.10524683194456297],[0.02474747924863261,0.0,-0.23147804398520078,0.03720087800785597,0.0734810304629987,-0.04433890689085367,0.030033130586617385,0.07615669958924509,0.13203259431345482,0.03264571367282213,-0.17364454280371946,0.2278368181338032,-0.07429191653260818,-0.147354290567797],[0.00334831793538682,-0.23147804398520078,0.0,0.18397549640135274,0.05689534204789265,0.1707523856881047,-0.05490651491310518,0.02148211157940423,0.14139875674109512,-0.08951767543790352,-0.025660565063531166,0.09672314371534914,0.01295819167001222,-0.27979275844987983],[0.04671760065387937,0.03720087800785597,0.18397549640135274,0.0,-0.0906093068028121,-0.11943253390501717,-0.07375232037838364,0.09040798684697907,0.0036117624087853295,0.011835987831080225,0.09053551403865683,-0.09390005794828561,-0.08212711440256751,0.02933807361823529],[-0.04800842918526714,0.0734810304629987,0.05689534204789265,-0.0906093068028121,0.0,0.10758082483858551,0.05787967888972999,0.06610506833923385,-0.47084106825581046,-0.057107861907251097,0.3182951688750005,-0.2928286752012005,0.0697035659128346,0.22490313820864608],[-0.22093670392797557,-0.04433890689085367,0.1707523856881047,-0.11943253390501717,0.10758082483858551,0.0,0.054483728811837544,0.04455240836537326,-0.4776213495763816,-0.08195196614602357,0.3411555224026948,-0.1260351165863136,0.010958598449113014,0.29859913065964705],[-0.1296153980766158,0.030033130586617385,-0.05490651491310518,-0.07375232037838364,0.05787967888972999,0.054483728811837544,0.0,-0.0711058512090553,-0.38964788406801826,-0.03836327015403043,0.16056877967496025,-0.22962106958553158,0.1353258118126362,0.3612632588364491],[-0.012664729593350955,0.07615669958924509,0.02148211157940423,0.09040798684697907,0.06610506833923385,0.04455240836537326,-0.0711058512090553,0.0,0.20335886523318958,0.09437259338910757,-0.09179257288919204,0.09712054425364718,0.0006650439159244133,-0.16309023976655312],[0.2575712983972899,0.13203259431345482,0.14139875674109512,0.0036117624087853295,-0.47084106825581046,-0.4776213495763816,-0.38964788406801826,0.20335886523318958,0.0,0.22333960705427014,-0.19801724761148704,0.02265323897363882,-0.3934204058499389,0.3618277992004082],[0.026300485036243264,0.03264571367282213,-0.08951767543790352,0.011835987831080225,-0.057107861907251097,-0.08195196614602357,-0.03836327015403043,0.09437259338910757,0.22333960705427014,0.0,-0.1647230076610453,0.22311271161091845,0.02394528974601965,-0.09762298275755724],[-0.08402956170383957,-0.17364454280371946,-0.025660565063531166,0.09053551403865683,0.3182951688750005,0.3411555224026948,0.16056877967496025,-0.09179257288919204,-0.19801724761148704,-0.1647230076610453,0.0,-0.008908971921726228,0.26452777112614667,-0.30652079037295193],[0.09961197868853591,0.2278368181338032,0.09672314371534914,-0.09390005794828561,-0.2928286752012005,-0.1260351165863136,-0.22962106958553158,0.09712054425364718,0.02265323897363882,0.22311271161091845,-0.008908971921726228,0.0,-0.0594598266282577,0.07156124053628012],[-0.029517081940863048,-0.07429191653260818,0.01295819167001222,-0.08212711440256751,0.0697035659128346,0.010958598449113014,0.1353258118126362,0.0006650439159244133,-0.3934204058499389,0.02394528974601965,0.26452777112614667,-0.0594598266282577,0.0,0.2715182788869961],[-0.10524683194456297,-0.147354290567797,-0.27979275844987983,0.02933807361823529,0.22490313820864608,0.29859913065964705,0.3612632588364491,-0.16309023976655312,0.3618277992004082,-0.09762298275755724,-0.30652079037295193,0.07156124053628012,0.2715182788869961,0.0]]",14,Stiff,-1,-1.0,1,-1.0,-,-2.500644005161008,"[1.,-1.,-1.,1.,1.,1.,1.,-1.,1.,-1.,-1.,1.,1.,-1.]",-1,2.9659433364868164,-,-,-,-2.500644005161008,"[1,-1,-1,1,1,1,1,-1,1,-1,-1,1,1,-1]",5,-1,4,-1.0,-1,52.9865608215332,
3,1,2025-08-20 11:00:33,"[[0.0,-0.18148653499707393,-0.056750933659954636,0.07949084062667963,0.10511023249617452,0.17794855817875738,0.04834405412934719,-0.08166663067451935,-0.0413274264469176,-0.20666072088433277,-0.19766671764265767,0.340939557364627,0.04940622859903973,0.33257778428022355],[-0.18148653499707393,0.0,-0.20455959474189195,-0.04503370775755761,-0.4010231765945578,0.060479943277684925,-0.06418583433888539,-0.05759386639177051,-0.18545716585192185,-0.3111548232450368,-0.12321794493129731,-0.09236295515512231,0.15653590386999977,0.17279144011039294],[-0.056750933659954636,-0.20455959474189195,0.0,0.027721469673792548,0.07434508186859345,0.11140728873763706,-0.12290549017630409,-0.008679538502015256,0.008605005795774997,-0.16043913956972744,-0.17198872982537472,0.1768984329512941,0.08159873394282441,0.13166433382295467],[0.07949084062667963,-0.04503370775755761,0.027721469673792548,0.0,0.12684861518557092,0.19276076323190935,0.0924252982075577,0.01517910198135386,0.023342232224290393,-0.04063380572203328,-0.10334416153863499,0.09955820612216867,-0.057502919954593265,0.11848972409767984],[0.10511023249617452,-0.4010231765945578,0.07434508186859345,0.12684861518557092,0.0,0.33135514227655954,0.01878534274898931,0.13572143032581033,-0.1791539139586475,-0.5130117057497587,-0.24155313714118165,0.24114946700636541,0.16102526433870346,0.2584440933020121],[0.17794855817875738,0.060479943277684925,0.11140728873763706,0.19276076323190935,0.33135514227655954,0.0,0.04761955796033442,0.11745612658887977,0.11616382549211426,0.021332199261892948,-0.11477679903966162,0.2208377550615359,-0.041416298384701,0.04079786208833025],[0.04834405412934719,-0.06418583433888539,-0.12290549017630409,0.0924252982075577,0.01878534274898931,0.04761955796033442,0.0,0.11146893041209394,-0.04380469748852407,-0.19100405980600055,-0.08714086375299329,0.28897987857635876,-0.04808014925935858,0.02819707958958934],[-0.08166663067451935,-0.05759386639177051,-0.008679538502015256,0.01517910198135386,0.13572143032581033,0.11745612658887977,0.11146893041209394,0.0,0.02827466830687642,-0.1668956363672824,-0.14894947113200477,0.2921802415069038,0.13040148653396402,0.10784464085982129],[-0.0413274264469176,-0.18545716585192185,0.008605005795774997,0.023342232224290393,-0.1791539139586475,0.11616382549211426,-0.04380469748852407,0.02827466830687642,0.0,-0.2832710505714601,-0.08050620143644265,-0.060824239110024936,0.04113581332505351,0.07486513310126154],[-0.20666072088433277,-0.3111548232450368,-0.16043913956972744,-0.04063380572203328,-0.5130117057497587,0.021332199261892948,-0.19100405980600055,-0.1668956363672824,-0.2832710505714601,0.0,0.04081727600218892,-0.2988079485067264,0.23344339266427616,0.08061622879889792],[-0.19766671764265767,-0.12321794493129731,-0.17198872982537472,-0.10334416153863499,-0.24155313714118165,-0.11477679903966162,-0.08714086375299329,-0.14894947113200477,-0.08050620143644265,0.04081727600218892,0.0,-0.11881776850663534,0.18777991176494802,-0.07242813369166343],[0.340939557364627,-0.09236295515512231,0.1768984329512941,0.09955820612216867,0.24114946700636541,0.2208377550615359,0.28897987857635876,0.2921802415069038,-0.060824239110024936,-0.2988079485067264,-0.11881776850663534,0.0,-0.06573125639584547,0.041568010230157076],[0.04940622859903973,0.15653590386999977,0.08159873394282441,-0.057502919954593265,0.16102526433870346,-0.041416298384701,-0.04808014925935858,0.13040148653396402,0.04113581332505351,0.23344339266427616,0.18777991176494802,-0.06573125639584547,0.0,-0.2184499140898707],[0.33257778428022355,0.17279144011039294,0.13166433382295467,0.11848972409767984,0.2584440933020121,0.04079786208833025,0.02819707958958934,0.10784464085982129,0.07486513310126154,0.08061622879889792,-0.07242813369166343,0.041568010230157076,-0.2184499140898707,0.0]]",14,Stiff,-1,-1.0,1,-1.0,-,-4.018699115270007,"[1.,1.,1.,-1.,1.,-1.,1.,1.,1.,1.,1.,-1.,-1.,-1.]",-1,2.9640395641326904,-,-,-,-4.018699115270007,"[1,1,1,-1,1,-1,1,1,1,1,1,-1,-1,-1]",10,9,6,-1.0,-1,103.09271025657654,
4,1,2025-08-20 11:00:06,"[[0.0,0.11643103336046104,-0.2780320709336764,0.09133890946355414,-0.2078453385010619,0.28077587816427796,-0.7701556877041305,-0.10310547349221669,-0.101509189214815,0.11316245596364202,0.1884575715593207,-0.11400234260213755,-0.17041067747398547,-0.20106591359295448],[0.11643103336046104,0.0,-0.13897955884197022,0.07791790267503479,-0.21651270127821348,-0.21054096602563424,0.09079602604207945,-0.2927316108157745,0.07698569670234626,-0.07353227877457882,0.017503012595140068,0.0747739096833529,0.21441403321720282,0.2913049263522326],[-0.2780320709336764,-0.13897955884197022,0.0,0.2445959264600629,0.21008865356532724,0.3826937369727544,-0.29518348668980815,0.24789856031167284,-0.19892145882399667,0.28188632822941234,0.015569306305839387,-0.009999548713026468,-0.25748160685646604,-0.3725328519712113],[0.09133890946355414,0.07791790267503479,0.2445959264600629,0.0,-0.047918363524186394,0.09967371988818241,0.2551853048553144,0.007224100964197039,-0.225515219396278,0.07576704646752903,-0.12570260022051669,0.16666820761040255,0.1388151042850727,-0.06052345509239822],[-0.2078453385010619,-0.21651270127821348,0.21008865356532724,-0.047918363524186394,0.0,0.03030314254506604,-0.2332196242319233,-0.1375795871879714,-0.17995524276414046,0.3879332188224449,-0.1366136652860774,-0.26587072157507835,0.0243686481856501,-0.20688912557668399],[0.28077587816427796,-0.21054096602563424,0.3826937369727544,0.09967371988818241,0.03030314254506604,0.0,0.06787307412492524,0.24610799941609413,-0.18387331558979755,0.21453089670991893,0.023658495569903574,0.00859587452360247,0.13943919600541818,-0.24549845835602785],[-0.7701556877041305,0.09079602604207945,-0.29518348668980815,0.2551853048553144,-0.2332196242319233,0.06787307412492524,0.0,-0.3599945143370529,-0.32001041430014543,0.020353042566350885,0.2968290020731048,-0.07076534052232428,-0.08891008855949535,0.13568468969610428],[-0.10310547349221669,-0.2927316108157745,0.24789856031167284,0.007224100964197039,-0.1375795871879714,0.24610799941609413,-0.3599945143370529,0.0,0.10148127974711141,0.5001103604599691,-0.0035649254348085746,-0.10237562913445845,-0.17445411613038858,-0.39610791824169056],[-0.101509189214815,0.07698569670234626,-0.19892145882399667,-0.225515219396278,-0.17995524276414046,-0.18387331558979755,-0.32001041430014543,0.10148127974711141,0.0,0.02278888016283978,0.020154060135094118,-0.11368511747018334,-0.14456982960326226,0.08168628321933864],[0.11316245596364202,-0.07353227877457882,0.28188632822941234,0.07576704646752903,0.3879332188224449,0.21453089670991893,0.020353042566350885,0.5001103604599691,0.02278888016283978,0.0,0.028744732400792526,-0.2510611344914715,-0.12292085538383044,-0.4088933069832554],[0.1884575715593207,0.017503012595140068,0.015569306305839387,-0.12570260022051669,-0.1366136652860774,0.023658495569903574,0.2968290020731048,-0.0035649254348085746,0.020154060135094118,0.028744732400792526,0.0,0.006135414520148458,-0.18136212625170595,0.09217032300590011],[-0.11400234260213755,0.0747739096833529,-0.009999548713026468,0.16666820761040255,-0.26587072157507835,0.00859587452360247,-0.07076534052232428,-0.10237562913445845,-0.11368511747018334,-0.2510611344914715,0.006135414520148458,0.0,0.05737641092611002,0.03517646730141713],[-0.17041067747398547,0.21441403321720282,-0.25748160685646604,0.1388151042850727,0.0243686481856501,0.13943919600541818,-0.08891008855949535,-0.17445411613038858,-0.14456982960326226,-0.12292085538383044,-0.18136212625170595,0.05737641092611002,0.0,0.27943288350764195],[-0.20106591359295448,0.2913049263522326,-0.3725328519712113,-0.06052345509239822,-0.20688912557668399,-0.24549845835602785,0.13568468969610428,-0.39610791824169056,0.08168628321933864,-0.4088933069832554,0.09217032300590011,0.03517646730141713,0.27943288350764195,0.0]]",14,Stiff,-1,-1.0,1,-1.0,-,-4.146560107086049,"[1.,-1.,1.,-1.,1.,-1.,1.,1.,1.,-1.,-1.,1.,1.,1.]",-1,2.965116500854492,-,-,-,-4.146560107086049,"[1,-1,1,-1,1,-1,1,1,1,-1,-1,1,1,1]",7,-1,6,-1.0,-1,76.74269556999207,
5,1,2025-08-20 11:00:47,"[[0.0,-0.15095169878321724,-0.2535617950138105,-0.0934008707043075,0.07560671761100358,-0.0641590720030805,0.17786532901086616,0.009259354676640213,0.0509134093207988,0.2344128263480223,0.21158835939138743,-0.07435249488079622,-0.09103658176702947,-0.3052699376455767],[-0.15095169878321724,0.0,-0.043651633797741674,-0.5170020008062461,-0.23145915371736475,-0.13197336105636184,-0.18768108351811846,-0.05528727373561515,-0.012252575101929793,0.042248981357253766,0.2390335877409727,0.028034349834208078,0.07593516267935875,0.29339204615504033],[-0.2535617950138105,-0.043651633797741674,0.0,0.004853596304644464,-0.014144054733973732,-0.07304871343387638,0.35546927353904634,0.31949302660314777,-0.0028704291146281133,0.09743019979367108,0.22901838809578481,-0.12625225175808655,-0.059285964838813945,-0.12715152605970953],[-0.0934008707043075,-0.5170020008062461,0.004853596304644464,0.0,0.15833510392312025,-0.24615955701013986,0.036624894455531215,0.04130793216198842,0.030732778436005512,0.23167094911468034,0.1035402751750112,-0.09500462936192484,-0.37368160699391356,-0.5055388689536551],[0.07560671761100358,-0.23145915371736475,-0.014144054733973732,0.15833510392312025,0.0,0.025602777676886602,0.042642843875863555,-0.12455070845297911,0.07894743457443201,0.11881607189523166,-0.07474480527576458,0.007884214681235537,0.01067996439615497,-0.37267759394109723],[-0.0641590720030805,-0.13197336105636184,-0.07304871343387638,-0.24615955701013986,0.025602777676886602,0.0,0.06755335668659074,-0.03691883038797917,0.00977445785626816,0.10048394387453302,0.19009028669293257,0.03715475675463153,0.11770457257203876,-0.05318534142023831],[0.17786532901086616,-0.18768108351811846,0.35546927353904634,0.036624894455531215,0.042642843875863555,0.06755335668659074,0.0,-0.10162628599000893,-0.058514221377062595,-0.2105458497261334,-0.26166687432854585,0.09302810012828791,-0.08085892793645016,0.10519864269786168],[0.009259354676640213,-0.05528727373561515,0.31949302660314777,0.04130793216198842,-0.12455070845297911,-0.03691883038797917,-0.10162628599000893,0.0,-0.1057251753934661,-0.172510934545969,-0.09620539237289691,0.014966581653567165,-0.09660798917239863,0.27105633785530375],[0.0509134093207988,-0.012252575101929793,-0.0028704291146281133,0.030732778436005512,0.07894743457443201,0.00977445785626816,-0.058514221377062595,-0.1057251753934661,0.0,0.08650316741721253,0.05042934493423178,0.11989571455097786,0.06939345850590635,-0.09855233059085176],[0.2344128263480223,0.042248981357253766,0.09743019979367108,0.23167094911468034,0.11881607189523166,0.10048394387453302,-0.2105458497261334,-0.172510934545969,0.08650316741721253,0.0,-0.2304549845798739,0.024235842751771902,0.07711036200096157,-0.03125538518132552],[0.21158835939138743,0.2390335877409727,0.22901838809578481,0.1035402751750112,-0.07474480527576458,0.19009028669293257,-0.26166687432854585,-0.09620539237289691,0.05042934493423178,-0.2304549845798739,0.0,0.16356780875396967,0.16826673666327582,0.3028549573355414],[-0.07435249488079622,0.028034349834208078,-0.12625225175808655,-0.09500462936192484,0.007884214681235537,0.03715475675463153,0.09302810012828791,0.014966581653567165,0.11989571455097786,0.024235842751771902,0.16356780875396967,0.0,0.16923035098511136,-0.004586476520530465],[-0.09103658176702947,0.07593516267935875,-0.059285964838813945,-0.37368160699391356,0.01067996439615497,0.11770457257203876,-0.08085892793645016,-0.09660798917239863,0.06939345850590635,0.07711036200096157,0.16826673666327582,0.16923035098511136,0.0,0.13032967120801048],[-0.3052699376455767,0.29339204615504033,-0.12715152605970953,-0.5055388689536551,-0.37267759394109723,-0.05318534142023831,0.10519864269786168,0.27105633785530375,-0.09855233059085176,-0.03125538518132552,0.3028549573355414,-0.004586476520530465,0.13032967120801048,0.0]]",14,Stiff,-1,-1.0,1,-1.0,-,-2.786242665100918,"[1.,1.,1.,1.,1.,1.,-1.,-1.,-1.,-1.,-1.,1.,1.,1.]",-1,3.0106735229492188,-,-,-,-2.728350484834767,"[1,1,1,1,1,1,-1,-1,-1,-1,-1,-1,1,1]",-1,11,7,-1.0,-1,117.0554084777832,
6,1,2025-08-20 10:59:52,"[[0.0,0.12425858859985986,-0.0028661437382953778,0.016922932548687195,0.07086565033756273,-0.02151908578483637,0.1489974737445074,0.08101247476606416,0.06602150485100942,0.06767462100428569,0.04932655985198285,0.0833113011597476,0.1768150940675767,0.13621268831625033],[0.12425858859985986,0.0,-0.06314837541082077,0.03550238423484314,-0.07098369763115217,-0.23195535247692672,-0.3477790855031462,-0.2222720356532521,-0.031141955210270286,-0.08672255369004284,-0.1595486067769334,0.3387023107697298,-0.5973734262771283,-0.30724034218867713],[-0.0028661437382953778,-0.06314837541082077,0.0,-0.03601588016717866,0.28220551139436656,0.06041149160314585,-0.13391226334243678,-0.113477538295056,0.06396282597940273,-0.17096661963109921,0.3370893526751382,-0.13094709969059826,0.16865886427147841,0.4075713845734861],[0.016922932548687195,0.03550238423484314,-0.03601588016717866,0.0,0.02799369778518904,0.02278472969202583,0.05544539516818435,-0.04155364554162484,0.06299987718837585,0.010751305742332323,-0.27090727715460766,0.10932098347938994,0.08889478664006539,0.07504441388456069],[0.07086565033756273,-0.07098369763115217,0.28220551139436656,0.02799369778518904,0.0,-0.11824698669057514,-0.09389775132362731,-0.07327682285839446,0.16308595630768566,-0.041909873663096654,0.28828338135304343,0.004815660620714118,0.14854183172304555,0.4684898064262042],[-0.02151908578483637,-0.23195535247692672,0.06041149160314585,0.02278472969202583,-0.11824698669057514,0.0,-0.16143263506492994,-0.1318100636216789,-0.06193285329766891,-0.007686983724009597,0.016288143985171144,-0.07280227262255752,-0.24438117718075375,-0.15770515262444068],[0.1489974737445074,-0.3477790855031462,-0.13391226334243678,0.05544539516818435,-0.09389775132362731,-0.16143263506492994,0.0,0.04480068941054283,0.046750268448713786,0.026302269013929173,-0.0030363218295062742,0.36284130403993753,-0.2302498851082235,-0.17976305789103808],[0.08101247476606416,-0.2222720356532521,-0.113477538295056,-0.04155364554162484,-0.07327682285839446,-0.1318100636216789,0.04480068941054283,0.0,0.07075923821008759,0.08957338506311623,-0.22261723045205445,0.2942424999403446,-0.12166899423237351,-0.06208414951917138],[0.06602150485100942,-0.031141955210270286,0.06396282597940273,0.06299987718837585,0.16308595630768566,-0.06193285329766891,0.046750268448713786,0.07075923821008759,0.0,0.045830664085273386,0.162434343131965,0.01983180603888177,0.08492029638634108,0.20994337475484692],[0.06767462100428569,-0.08672255369004284,-0.17096661963109921,0.010751305742332323,-0.041909873663096654,-0.007686983724009597,0.026302269013929173,0.08957338506311623,0.045830664085273386,0.0,-0.1543800011451168,0.2018307621765787,-0.061547439099301604,-0.10319085066711348],[0.04932655985198285,-0.1595486067769334,0.3370893526751382,-0.27090727715460766,0.28828338135304343,0.016288143985171144,-0.0030363218295062742,-0.22261723045205445,0.162434343131965,-0.1543800011451168,0.0,0.16149625057021602,0.10553832564726129,0.5165681475937052],[0.0833113011597476,0.3387023107697298,-0.13094709969059826,0.10932098347938994,0.004815660620714118,-0.07280227262255752,0.36284130403993753,0.2942424999403446,0.01983180603888177,0.2018307621765787,0.16149625057021602,0.0,0.31674244138838925,0.012727693168200521],[0.1768150940675767,-0.5973734262771283,0.16865886427147841,0.08889478664006539,0.14854183172304555,-0.24438117718075375,-0.2302498851082235,-0.12166899423237351,0.08492029638634108,-0.061547439099301604,0.10553832564726129,0.31674244138838925,0.0,0.11037766505343977],[0.13621268831625033,-0.30724034218867713,0.4075713845734861,0.07504441388456069,0.4684898064262042,-0.15770515262444068,-0.17976305789103808,-0.06208414951917138,0.20994337475484692,-0.10319085066711348,0.5165681475937052,0.012727693168200521,0.11037766505343977,0.0]]",14,Stiff,-1,-1.0,1,-1.0,-,-3.4332649065029712,"[-1.,1.,-1.,-1.,-1.,1.,1.,1.,-1.,1.,-1.,-1.,1.,1.]",-1,2.981984853744507,-,-,-,-3.4332649065029712,"[-1,1,-1,-1,-1,1,1,1,-1,1,-1,-1,1,1]",6,-1,5,-1.0,-1,62.480631589889526,
7,1,2025-08-20 11:00:45,"[[0.0,-0.4103525517924209,-0.326671567651804,-0.5131610591363993,0.34824923722536566,-0.05003845766653131,0.10478949937012239,-0.40071184620425504,-0.1627638097579014,0.020541879074462574,-0.22935826336809412,-0.15339241808061366,0.34054123457732455,-0.22895843120266027],[-0.4103525517924209,0.0,0.10401785652109478,-0.1734218082557533,-0.044338147203188426,0.015966837034949225,-0.16483604248977862,0.2165089939146697,0.10648239279265385,0.1829258706654663,0.057882428051962025,0.05964056277298459,-0.0009292967263112434,-0.1829497915687313],[-0.326671567651804,0.10401785652109478,0.0,0.06252702099181925,-0.13540290810059488,-0.022572454762652676,0.31482335122432575,0.019244890046383963,0.03301445824465997,0.20231326699439184,-0.11124418666448573,0.13742695717510503,-0.15039749619548104,-0.09830268188118536],[-0.5131610591363993,-0.1734218082557533,0.06252702099181925,0.0,0.2159808357847396,0.2138057900522239,0.028011892119887583,-0.2636489044735295,0.14199167359376658,0.2862620791179903,-0.014781933237849033,-0.3074438267811476,0.19191566121265585,-0.25210732367309596],[0.34824923722536566,-0.044338147203188426,-0.13540290810059488,0.2159808357847396,0.0,0.0143005644018087,0.1349865135219066,-0.1042197598331927,0.025096563509433747,-0.3199700380896396,-0.1368963054755823,-0.10621582259277655,0.27744547673802944,-0.12575048771781477],[-0.05003845766653131,0.015966837034949225,-0.022572454762652676,0.2138057900522239,0.0143005644018087,0.0,0.3568920261284527,-0.07641571576201303,0.35506312423393543,0.056172919487185426,0.040844350795887024,-0.15781148402706613,0.20217668061392668,-0.2769729821674123],[0.10478949937012239,-0.16483604248977862,0.31482335122432575,0.028011892119887583,0.1349865135219066,0.3568920261284527,0.0,-0.09111716925293384,0.4560563504668245,0.0840657150277827,0.288566442831053,-0.2480276472175274,0.34180226276121006,-0.2870643972113718],[-0.40071184620425504,0.2165089939146697,0.019244890046383963,-0.2636489044735295,-0.1042197598331927,-0.07641571576201303,-0.09111716925293384,0.0,-0.1828452185524269,0.22635234451479874,-0.2650158333423135,0.2811163848224245,-0.40235351986070267,-0.09241933972308392],[-0.1627638097579014,0.10648239279265385,0.03301445824465997,0.14199167359376658,0.025096563509433747,0.35506312423393543,0.4560563504668245,-0.1828452185524269,0.0,-0.05992810683465054,-0.03507931914563843,0.2348815225806891,0.03529534918799568,-0.39935950190555825],[0.020541879074462574,0.1829258706654663,0.20231326699439184,0.2862620791179903,-0.3199700380896396,0.056172919487185426,0.0840657150277827,0.22635234451479874,-0.05992810683465054,0.0,0.22399820517182484,0.26333337277486274,-0.08711705099995438,0.14756236797541544],[-0.22935826336809412,0.057882428051962025,-0.11124418666448573,-0.014781933237849033,-0.1368963054755823,0.040844350795887024,0.288566442831053,-0.2650158333423135,-0.03507931914563843,0.22399820517182484,0.0,0.004922166532849839,-0.14742216890079368,0.012511042008666925],[-0.15339241808061366,0.05964056277298459,0.13742695717510503,-0.3074438267811476,-0.10621582259277655,-0.15781148402706613,-0.2480276472175274,0.2811163848224245,0.2348815225806891,0.26333337277486274,0.004922166532849839,0.0,-0.054061248049831,0.1852956963208006],[0.34054123457732455,-0.0009292967263112434,-0.15039749619548104,0.19191566121265585,0.27744547673802944,0.20217668061392668,0.34180226276121006,-0.40235351986070267,0.03529534918799568,-0.08711705099995438,-0.14742216890079368,-0.054061248049831,0.0,-0.15616740277257457],[-0.22895843120266027,-0.1829497915687313,-0.09830268188118536,-0.25210732367309596,-0.12575048771781477,-0.2769729821674123,-0.2870643972113718,-0.09241933972308392,-0.39935950190555825,0.14756236797541544,0.012511042008666925,0.1852956963208006,-0.15616740277257457,0.0]]",14,Stiff,-1,-1.0,1,-1.0,-,-3.739386851013758,"[1.,1.,1.,1.,-1.,-1.,-1.,1.,1.,-1.,1.,-1.,1.,1.]",-1,2.9604735374450684,-,-,-,-2.9004200744304995,"[1,1,-1,1,-1,-1,1,1,-1,-1,-1,1,-1,1]",-1,-1,11,-1.0,-1,114.55708503723145,
8,1,2025-08-20 11:00:46,"[[0.0,0.11544872766290191,-0.372998064383074,-0.04432233277065336,0.23885718301238804,-0.374269374517603,-0.08907769528322165,0.25486904537877514,-0.08300075355423152,0.17734471467383947,0.38592409618105306,-0.520964238957472,0.0561764434050716,-0.02729691349824364],[0.11544872766290191,0.0,0.05336752184185064,0.11828656475011709,0.012641624473430028,-0.035703110102745385,-0.055374911479993315,-0.10603302839150774,0.0031081252053626815,-0.10238009495937567,-0.12544488292448194,0.1170921119297411,-0.031921528821774695,-0.0035498304220231503],[-0.372998064383074,0.05336752184185064,0.0,-0.2305399956894315,-0.2075748080127615,0.2541836660016701,0.1451409008144768,0.049672477049848715,-0.20156040586225077,0.13429994184872487,0.06669585935461032,-0.015975645956681064,-0.011737904293381568,-0.029167541296306415],[-0.04432233277065336,0.11828656475011709,-0.2305399956894315,0.0,0.0645515715620558,-0.1823693051710656,0.0330576165414522,0.18824897028548648,-0.09891652010156829,0.13367195133736365,0.11020571941615709,-0.33810344435110384,0.10546220168914175,0.03758106557283723],[0.23885718301238804,0.012641624473430028,-0.2075748080127615,0.0645515715620558,0.0,-0.14791632262733315,-0.16323936878744497,0.11859779199695049,0.12794789914394025,-0.057933857361245,-0.0037265126489131953,-0.006798525342158079,0.04233798357541682,-0.06796182803642717],[-0.374269374517603,-0.035703110102745385,0.2541836660016701,-0.1823693051710656,-0.14791632262733315,0.0,0.14946946107876724,-0.099753215710266,-0.08992666769212321,0.09561152366069123,-0.06819454149843142,0.21280094967528543,-0.12897662082058542,0.09080599382231991],[-0.08907769528322165,-0.055374911479993315,0.1451409008144768,0.0330576165414522,-0.16323936878744497,0.14946946107876724,0.0,-0.016950279020347743,-0.1131141386032808,0.1511943246062255,0.008477946392837776,0.10407774441483897,-0.005888154951036589,0.08689229876616886],[0.25486904537877514,-0.10603302839150774,0.049672477049848715,0.18824897028548648,0.11859779199695049,-0.099753215710266,-0.016950279020347743,0.0,0.1956870894939356,-0.08481793516239323,-0.05256090785307661,0.12509972189179117,0.10446394673120486,0.12653449894587782],[-0.08300075355423152,0.0031081252053626815,-0.20156040586225077,-0.09891652010156829,0.12794789914394025,-0.08992666769212321,-0.1131141386032808,0.1956870894939356,0.0,0.1038970237584098,0.16223838169192847,-0.23938745721329466,0.04539610775173118,0.06548508234280073],[0.17734471467383947,-0.10238009495937567,0.13429994184872487,0.13367195133736365,-0.057933857361245,0.09561152366069123,0.1511943246062255,-0.08481793516239323,0.1038970237584098,0.0,-0.0815887620242891,0.17864718470990076,-0.0711231357689237,0.14966146185846907],[0.38592409618105306,-0.12544488292448194,0.06669585935461032,0.11020571941615709,-0.0037265126489131953,-0.06819454149843142,0.008477946392837776,-0.05256090785307661,0.16223838169192847,-0.0815887620242891,0.0,0.14257309187284636,-0.014312095448176541,-0.0639307689346181],[-0.520964238957472,0.1170921119297411,-0.015975645956681064,-0.33810344435110384,-0.006798525342158079,0.21280094967528543,0.10407774441483897,0.12509972189179117,-0.23938745721329466,0.17864718470990076,0.14257309187284636,0.0,0.04156298600995755,0.09948309039048078],[0.0561764434050716,-0.031921528821774695,-0.011737904293381568,0.10546220168914175,0.04233798357541682,-0.12897662082058542,-0.005888154951036589,0.10446394673120486,0.04539610775173118,-0.0711231357689237,-0.014312095448176541,0.04156298600995755,0.0,-0.11783466575515708],[-0.02729691349824364,-0.0035498304220231503,-0.029167541296306415,0.03758106557283723,-0.06796182803642717,0.09080599382231991,0.08689229876616886,0.12653449894587782,0.06548508234280073,0.14966146185846907,-0.0639307689346181,0.09948309039048078,-0.11783466575515708,0.0]]",14,Stiff,-1,-1.0,1,-1.0,-,-2.4755029886712623,"[1.,-1.,1.,1.,-1.,1.,-1.,-1.,1.,-1.,-1.,1.,-1.,-1.]",-1,2.915012121200561,-,-,-,-2.2459490997082288,"[1,-1,1,1,-1,1,1,-1,1,-1,-1,1,-1,-1]",-1,-1,11,-1.0,-1,116.8667619228363,
9,1,2025-08-20 11:00:45,"[[0.0,0.09311254110957368,0.23338433187478874,-0.03350624147858638,0.021226731709120747,0.2985503140175523,0.020035243521692385,0.29975655254452616,0.1747160008293362,0.15063194360447812,0.14448852146214425,0.2478681053571148,-0.18057335355965165,0.2682800442697648],[0.09311254110957368,0.0,-0.14742886064217947,-0.23781592461875067,-0.4208378738678485,0.21810521794517232,0.1989661183552318,0.48019256563119134,-0.010139523332543282,-0.14671440910166395,0.06679700307608583,-0.0530017749131991,0.16385361644029742,0.12101394354346579],[0.23338433187478874,-0.14742886064217947,0.0,-0.12310286810375742,-0.19432821582322277,0.16070309130590854,-0.06267714396570259,0.07455756517138268,-0.2272045171507917,0.11341467947958726,-0.2077428813472072,0.039397571569823445,0.06814150222860951,-0.28205044412037344],[-0.03350624147858638,-0.23781592461875067,-0.12310286810375742,0.0,-0.18466985202997016,0.0842896487261123,0.521996893479771,-0.4183837457846904,-0.21689493391479914,-0.4939447365393197,0.07461804495257118,-0.09708293655712133,-0.05928289028220964,0.14666077231072522],[0.021226731709120747,-0.4208378738678485,-0.19432821582322277,-0.18466985202997016,0.0,0.015371206206193866,0.3977899801859204,0.019184407601679554,-0.05786801475014955,0.0473147571824274,-0.4835313131779678,0.1616703316588004,-0.1859355465013956,-0.0011780984715453746],[0.2985503140175523,0.21810521794517232,0.16070309130590854,0.0842896487261123,0.015371206206193866,0.0,-0.4173926238263034,-0.10645078751963304,-0.24211090156239082,-0.5898550386867331,0.07971820424095957,0.10061606790646142,-0.1632248727112139,-0.0747252424795854],[0.020035243521692385,0.1989661183552318,-0.06267714396570259,0.521996893479771,0.3977899801859204,-0.4173926238263034,0.0,-0.3586267282900946,0.02193342992908104,-0.499539333023081,0.025256968681917815,-0.24361968654691796,0.000771613725816269,-0.016018396239895646],[0.29975655254452616,0.48019256563119134,0.07455756517138268,-0.4183837457846904,0.019184407601679554,-0.10645078751963304,-0.3586267282900946,0.0,0.19932224787079716,-0.007046921979046966,-0.2349754609065721,-0.08601441537522495,0.21440170195436448,-0.10173996680377143],[0.1747160008293362,-0.010139523332543282,-0.2272045171507917,-0.21689493391479914,-0.05786801475014955,-0.24211090156239082,0.02193342992908104,0.19932224787079716,0.0,-0.030648513722217503,-0.2910135788236042,0.382341489914467,0.177116766857301,0.29313833466166744],[0.15063194360447812,-0.14671440910166395,0.11341467947958726,-0.4939447365393197,0.0473147571824274,-0.5898550386867331,-0.499539333023081,-0.007046921979046966,-0.030648513722217503,0.0,0.09673825583451265,-0.09547671709095118,-0.19063678303185724,-0.020892088953162705],[0.14448852146214425,0.06679700307608583,-0.2077428813472072,0.07461804495257118,-0.4835313131779678,0.07971820424095957,0.025256968681917815,-0.2349754609065721,-0.2910135788236042,0.09673825583451265,0.0,-0.03398424000638443,0.4051934038266517,0.2386284942715954],[0.2478681053571148,-0.0530017749131991,0.039397571569823445,-0.09708293655712133,0.1616703316588004,0.10061606790646142,-0.24361968654691796,-0.08601441537522495,0.382341489914467,-0.09547671709095118,-0.03398424000638443,0.0,0.03611814992901175,-0.005963544079373023],[-0.18057335355965165,0.16385361644029742,0.06814150222860951,-0.05928289028220964,-0.1859355465013956,-0.1632248727112139,0.000771613725816269,0.21440170195436448,0.177116766857301,-0.19063678303185724,0.4051934038266517,0.03611814992901175,0.0,0.09871261510912387],[0.2682800442697648,0.12101394354346579,-0.28205044412037344,0.14666077231072522,-0.0011780984715453746,-0.0747252424795854,-0.016018396239895646,-0.10173996680377143,0.29313833466166744,-0.020892088953162705,0.2386284942715954,-0.005963544079373023,0.09871261510912387,0.0]]",14,Stiff,-1,-1.0,1,-1.0,-,-3.3058599926714622,"[-1.,-1.,1.,1.,1.,1.,1.,1.,1.,1.,1.,-1.,-1.,-1.]",-1,4.009637117385864,-,-,-,-2.5025461177337,"[-1,1,1,1,1,1,1,-1,1,1,-1,-1,1,-1]",-1,-1,11,-1.0,-1,115.01204586029051,
