Id (int),Valid (int),Updated (str),Matrix (mat),Size (int),Type (str),Rank (int),Density (flt),Stiffness (flt),Other (flt),Test_solver (str),Test (flt),Test_state (vec),Test_iterations (int),Test_time (flt),Train_solver (str),Preprocessing (str),Postprocessing (str),Train (flt),Train_state (vec),Train_iterations_1 (int),Train_iterations_2 (int),Train_iterations_3 (int),Train_cost (flt),Train_shots (int),Train_time (flt),Flags (str)
0,0,0,0,0,0,0,0.0,0.0,0.0,0,0.0,0,0,0.0,0,0,0,0.0,0,0,0,0,0.0,0,0.0,0.0
1,1,2025-08-20 17:43:29,"[[0.17595890215730323,-0.05986242659504175,0.156195873976092,-0.20446537891659458,-0.17612251924708222,0.007490694868263849,-0.036629509654133335,0.28730247174049306,0.056819032082132764,0.10323368940377858],[-0.05986242659504175,-0.02150626960252413,-0.1247601253063325,-0.0973457434182591,-0.13719410286905684,-0.054106349936988984,-0.09186549851196181,-0.04404508098248938,-0.03329700352963651,-0.06956470188106803],[0.156195873976092,-0.1247601253063325,0.01812001514106142,-0.46689733053161026,-0.49337010520195906,-0.0826755287047861,-0.21278288452859492,0.3482133074808614,0.02542183587123422,0.03228501355672744],[-0.20446537891659458,-0.0973457434182591,-0.46689733053161026,-0.4292477171450838,-0.5823877086500541,-0.21552422049909975,-0.37274405086839746,-0.11973917697847455,-0.1214745288280328,-0.256853020672953],[-0.17612251924708222,-0.13719410286905684,-0.49337010520195906,-0.5823877086500541,-0.7534815912501835,-0.25212654029301934,-0.4546618717150554,-0.034423601645668156,-0.12213057433059477,-0.2655169326898099],[0.007490694868263849,-0.054106349936988984,-0.0826755287047861,-0.21552422049909975,-0.25212654029301934,-0.06321604395009518,-0.1295446657991654,0.0783582026919731,-0.013926204205932302,-0.03766640735387916],[-0.036629509654133335,-0.09186549851196181,-0.21278288452859492,-0.37274405086839746,-0.4546618717150554,-0.1295446657991654,-0.25127024329787423,0.07282253694454044,-0.045319320352138745,-0.10746173670207126],[0.28730247174049306,-0.04404508098248938,0.3482133074808614,-0.11973917697847455,-0.034423601645668156,0.0783582026919731,0.07282253694454044,0.401235681838717,0.1096434169160741,0.21264528362925397],[0.056819032082132764,-0.03329700352963651,0.02542183587123422,-0.1214745288280328,-0.12213057433059477,-0.013926204205932302,-0.045319320352138745,0.1096434169160741,0.014239593290867185,0.02213319041615181],[0.10323368940377858,-0.06956470188106803,0.03228501355672744,-0.256853020672953,-0.2655169326898099,-0.03766640735387916,-0.10746173670207126,0.21264528362925397,0.02213319041615181,0.03203351517485867]]",10,Random,10,-1.0,-1.0,-1.0,-,-4.333618966493434,"[1,1,1,1,1,1,1,-1,1,1]",-1,0.216843843460083,-,-,-,-1.0,0,-1,-1,-1,-1.0,-1,-1.0,
2,1,2025-08-20 17:43:29,"[[-0.06543385124874279,-0.11019352702885694,-0.054521765471512246,-0.10897851131884095,-0.027890140803063897,-0.10799918524852936,-0.06843073170962077,-0.11201243251554499,-0.3525688933624467,-0.057050813396671375],[-0.11019352702885694,-0.18107255182851661,-0.09477180918629448,-0.14130173663172133,-0.03855650381719743,-0.16733097673141062,-0.09851677790159617,-0.1581913278543998,-0.5015311831684215,-0.08939267323581049],[-0.054521765471512246,-0.09477180918629448,-0.04345072475027059,-0.1187940403208995,-0.028866172874453803,-0.0995920791939233,-0.06808922497186207,-0.11351989237651856,-0.3548757300812917,-0.05197203839589579],[-0.10897851131884095,-0.14130173663172133,-0.1187940403208995,0.21304754884970792,0.03290924850110478,-0.044212669241326566,0.04220015956111265,0.09886185199413479,0.2745355631591027,-0.03208275396266165],[-0.027890140803063897,-0.03855650381719743,-0.028866172874453803,0.03290924850110478,0.004245121990372048,-0.018805230320713406,0.002333734319396538,0.009787103079631793,0.02311309504817597,-0.01162946458177004],[-0.10799918524852936,-0.16733097673141062,-0.0995920791939233,-0.044212669241326566,-0.018805230320713406,-0.13156695174193261,-0.05923742822645545,-0.08674799694755408,-0.28560325780104623,-0.0724999566731478],[-0.06843073170962077,-0.09851677790159617,-0.06808922497186207,0.04220015956111265,0.002333734319396538,-0.05923742822645545,-0.009669818499839965,-0.004010249312088588,-0.02752227667155064,-0.03466792650243945],[-0.11201243251554499,-0.1581913278543998,-0.11351989237651856,0.09886185199413479,0.009787103079631793,-0.08674799694755408,-0.004010249312088588,0.014830764765792414,0.01997863334525779,-0.052063077020183805],[-0.3525688933624467,-0.5015311831684215,-0.3548757300812917,0.2745355631591027,0.02311309504817597,-0.28560325780104623,-0.02752227667155064,0.01997863334525779,-0.017486594386981875,-0.16983696533149467],[-0.057050813396671375,-0.08939267323581049,-0.05197203839589579,-0.03208275396266165,-0.01162946458177004,-0.0724999566731478,-0.03466792650243945,-0.052063077020183805,-0.16983696533149467,-0.03964798891961194]]",10,Random,10,-1.0,-1.0,-1.0,-,-2.81382317099334,"[1,1,1,-1,1,1,1,1,1,1]",-1,0.216428518295288,-,-,-,-1.0,0,-1,-1,-1,-1.0,-1,-1.0,
3,1,2025-08-20 17:43:29,"[[0.0600581799105576,0.05639106699000648,-0.02820711084712811,-0.017165934915820427,0.07215485280913599,0.14417017664102752,0.07135022911002539,0.14619709783875212,0.07161068231725337,0.003381761310946571],[0.05639106699000648,-0.21391846492748828,-0.24332574816326596,-0.37876193162026334,0.045765634529065596,-0.23534751220454114,0.05038882977557855,0.11419371786137676,-0.23822624255436425,-0.17278491415317151],[-0.02820711084712811,-0.24332574816326596,-0.16066158849479187,-0.2860524146159783,-0.05536246874191183,-0.3632687625788284,-0.047974647297252905,-0.09061683750054633,-0.2779010901349567,-0.14329401920103924],[-0.017165934915820427,-0.37876193162026334,-0.2860524146159783,-0.487724975817918,-0.05298487169563902,-0.5412450919567133,-0.04379697779599988,-0.07551729082081182,-0.4314518606811817,-0.23868296274315182],[0.07215485280913599,0.045765634529065596,-0.05536246874191183,-0.05298487169563902,0.08715700559159176,0.1352260990361812,0.08471371235617245,0.17521704031515095,0.06220862186122029,-0.01127776029029056],[0.14417017664102752,-0.23534751220454114,-0.3632687625788284,-0.5412450919567133,0.1352260990361812,-0.15433823474092886,0.14775549142764602,0.31298025093609444,-0.24240779631418705,-0.23172203828061966],[0.07135022911002539,0.05038882977557855,-0.047974647297252905,-0.04379697779599988,0.08471371235617245,0.14775549142764602,0.08432862553784988,0.17296267907222962,0.07011519631211355,-0.005929832371460601],[0.14619709783875212,0.11419371786137676,-0.09061683750054633,-0.07551729082081182,0.17521704031515095,0.31298025093609444,0.17296267907222962,0.35499092913490066,0.1521870448006247,-0.006960219554636354],[0.07161068231725337,-0.23822624255436425,-0.2779010901349567,-0.4314518606811817,0.06220862186122029,-0.24240779631418705,0.07011519631211355,0.1521870448006247,-0.26124915667473064,-0.1939516310067093],[0.003381761310946571,-0.17278491415317151,-0.14329401920103924,-0.23868296274315182,-0.01127776029029056,-0.23172203828061966,-0.005929832371460601,-0.006960219554636354,-0.1939516310067093,-0.11403266910024815]]",10,Random,10,-1.0,-1.0,-1.0,-,-4.071727028006756,"[-1,1,1,1,-1,1,-1,-1,1,1]",-1,0.2175793647766113,-,-,-,-1.0,0,-1,-1,-1,-1.0,-1,-1.0,
4,1,2025-08-20 17:43:30,"[[-0.15092638924391014,-0.48949646783743944,-0.42504258125106226,-0.37881381352606047,-0.4560997861966599,-0.15293959048883768,-0.2991502822131589,-0.1927432649239148,-0.2719163095675981,-0.4334446427479368],[-0.48949646783743944,0.13761488968811478,0.2853653155712016,-0.11339729617014456,-0.04979662243162786,-0.19090418494157552,-0.027139013003595426,0.08516100499451583,0.16478351077655778,0.023547228396151393],[-0.42504258125106226,0.2853653155712016,0.40799583160428887,0.008895500120080696,0.09379633508198425,-0.13703544257052597,0.06731672544707892,0.14209405885705123,0.2438143363745346,0.15831206573318304],[-0.37881381352606047,-0.11339729617014456,0.008895500120080696,-0.2301680945150249,-0.2206939689872528,-0.18639687382506426,-0.14198374013516712,-0.024725544033138196,-0.006355704169497101,-0.16404971695967224],[-0.4560997861966599,-0.04979662243162786,0.09379633508198425,-0.2206939689872528,-0.19375474162375877,-0.20913932482994985,-0.12293235275988004,0.00595735608142868,0.04491932075788223,-0.12568578055497262],[-0.15293959048883768,-0.19090418494157552,-0.13703544257052597,-0.18639687382506426,-0.20913932482994985,-0.10161160531614705,-0.13586483730169224,-0.06866682631373053,-0.09045607521819647,-0.18692686139251505],[-0.2991502822131589,-0.027139013003595426,0.06731672544707892,-0.14198374013516712,-0.12293235275988004,-0.13586483730169224,-0.07847218843744644,0.005870916183615387,0.03239592204482689,-0.07822929025397894],[-0.1927432649239148,0.08516100499451583,0.14209405885705123,-0.024725544033138196,0.00595735608142868,-0.06866682631373053,0.005870916183615387,0.04665536469842482,0.08366818538749919,0.03451874914986609],[-0.2719163095675981,0.16478351077655778,0.2438143363745346,-0.006355704169497101,0.04491932075788223,-0.09045607521819647,0.03239592204482689,0.08366818538749919,0.14427679574951993,0.08600281303657029],[-0.4334446427479368,0.023547228396151393,0.15831206573318304,-0.16404971695967224,-0.12568578055497262,-0.18692686139251505,-0.07822929025397894,0.03451874914986609,0.08600281303657029,-0.060023138260950806]]",10,Random,10,-1.0,-1.0,-1.0,-,-3.63650274696081,"[1,1,-1,1,1,1,1,1,-1,1]",-1,0.2172503471374511,-,-,-,-1.0,0,-1,-1,-1,-1.0,-1,-1.0,
5,1,2025-08-20 17:43:30,"[[-0.20338902747623938,-0.21345035603969437,-0.08116371870588882,-0.18785864003041045,-0.5401900703866174,-0.2138826564119167,-0.2933936820548593,-0.3257200594695154,-0.26502345135713373,-0.36538517955744104],[-0.21345035603969437,-0.16356199027830548,-0.014560944770750296,-0.10241245510880048,-0.3266636119556834,-0.14281264912375707,-0.21244628126019885,-0.18922915142461127,-0.22724197465508655,-0.21897688985472388],[-0.08116371870588882,-0.014560944770750296,0.06433655978731262,0.05604102743740064,0.10438269604006258,0.022608705081783434,0.015261264453617293,0.07665507839205542,-0.05029031418998796,0.07338138807948977],[-0.18785864003041045,-0.10241245510880048,0.05604102743740064,-0.001410756201889994,-0.07562228877537433,-0.052233449620198595,-0.10055295979560606,-0.02756522684559287,-0.16994910809316008,-0.04766740962501297],[-0.5401900703866174,-0.3266636119556834,0.10438269604006258,-0.07562228877537433,-0.38767646894205643,-0.20834849839582625,-0.3568852080063452,-0.19106548140791463,-0.5119897387069428,-0.25426663352305046],[-0.2138826564119167,-0.14281264912375707,0.022608705081783434,-0.052233449620198595,-0.20834849839582625,-0.09669699664032538,-0.15668568204505084,-0.10925375650724078,-0.2171881978094328,-0.140569579860163],[-0.2933936820548593,-0.21244628126019885,0.015261264453617293,-0.10055295979560606,-0.3568852080063452,-0.15668568204505084,-0.255482294033642,-0.1985760351248773,-0.307478069271924,-0.23653466409887014],[-0.3257200594695154,-0.18922915142461127,0.07665507839205542,-0.02756522684559287,-0.19106548140791463,-0.10925375650724078,-0.1985760351248773,-0.08879278580800448,-0.30235681967320055,-0.12205214409453338],[-0.26502345135713373,-0.22724197465508655,-0.05029031418998796,-0.16994910809316008,-0.5119897387069428,-0.2171881978094328,-0.307478069271924,-0.30235681967320055,-0.3001259224602946,-0.3470112039931364],[-0.36538517955744104,-0.21897688985472388,0.07338138807948977,-0.04766740962501297,-0.25426663352305046,-0.140569579860163,-0.23653466409887014,-0.12205214409453338,-0.3470112039931364,-0.16765380127361276]]",10,Random,10,-1.0,-1.0,-1.0,-,-6.451764894152793,"[1,1,-1,1,1,1,1,1,1,1]",-1,0.2161509990692138,-,-,-,-1.0,0,-1,-1,-1,-1.0,-1,-1.0,
6,1,2025-08-20 17:43:29,"[[-0.04214551162977747,0.032025682334663824,-0.023040207316735332,-0.16980345847167103,0.06160233874347528,0.03654397782832779,-0.020440169920951257,0.06671834043279036,0.07950854044957718,-0.08369098132428837],[0.032025682334663824,0.09644800974243388,0.12095735329844455,-0.14745645332470061,0.08536711338078243,0.09028893750899346,0.020520771297627985,0.09005192788471413,0.10886493812563328,0.13592142476336413],[-0.023040207316735332,0.12095735329844455,0.07602538846849127,-0.3295345683498443,0.14689385319268977,0.12109965002465513,-0.006843508994699888,0.15701655712468407,0.1883715680709869,0.01627853124668037],[-0.16980345847167103,-0.14745645332470061,-0.3295345683498443,-0.052689635163830253,-0.0539037529980269,-0.12263459180042192,-0.09383876843851668,-0.05323450703963576,-0.06640239496826157,-0.5032340490567273],[0.06160233874347528,0.08536711338078243,0.14689385319268977,-0.0539037529980269,0.054547599763804896,0.07574412837867606,0.035466175742717466,0.056438891085978826,0.06871079210685853,0.20170106939175353],[0.03654397782832779,0.09028893750899346,0.12109965002465513,-0.12263459180042192,0.07574412837867606,0.08369182277325675,0.022693066943074162,0.07966079161738565,0.09624929209113771,0.14341084014834213],[-0.020440169920951257,0.020520771297627985,-0.006843508994699888,-0.09383876843851668,0.035466175742717466,0.022693066943074162,-0.009715009829602696,0.03823893863443624,0.0455498079305784,-0.03764728363333732],[0.06671834043279036,0.09005192788471413,0.15701655712468407,-0.05323450703963576,0.056438891085978826,0.07966079161738565,0.03823893863443624,0.05837873558913552,0.07132666691786187,0.21691551229770692],[0.07950854044957718,0.10886493812563328,0.1883715680709869,-0.06640239496826157,0.06871079210685853,0.09624929209113771,0.0455498079305784,0.07132666691786187,0.0869174769907115,0.2595126371015407],[-0.08369098132428837,0.13592142476336413,0.01627853124668037,-0.5032340490567273,0.20170106939175353,0.14341084014834213,-0.03764728363333732,0.21691551229770692,0.2595126371015407,-0.12302690357821079]]",10,Random,10,-1.0,-1.0,-1.0,-,-1.6991646485227392,"[1,-1,1,1,-1,-1,1,-1,-1,1]",-1,0.2175865173339843,-,-,-,-1.0,0,-1,-1,-1,-1.0,-1,-1.0,
7,1,2025-08-20 17:43:29,"[[-0.3848434597131176,-0.1924746719216387,0.020377692749895177,-0.5331392696461905,-0.11557106720881205,-0.46806788173153024,-0.08460885463522705,-0.04944396645979259,-0.4510431613932868,-0.31791748506687867],[-0.1924746719216387,-0.003532779871130509,0.0824639854309068,-0.03863876973664213,-0.0023326767448608914,-0.12954754603770532,0.08061449139763133,-0.03333578371752125,-0.1732019527762313,-0.09732096384590957],[0.020377692749895177,0.0824639854309068,0.07044567031640597,0.21490346798503301,0.056079261005897135,0.10674230792996856,0.11548144855691,-0.000275295579258825,0.07170923473728855,0.05263148711386825],[-0.5331392696461905,-0.03863876973664213,0.21490346798503301,-0.1755001642055085,-0.01922914330425899,-0.39255583247050585,0.19233005418601068,-0.08696499037790463,-0.49484163392139924,-0.2968801282899425],[-0.11557106720881205,-0.0023326767448608914,0.056079261005897135,-0.01922914330425899,0.001311548097023796,-0.07767347406838014,0.05527648406526635,-0.018485349433293982,-0.10080566495657949,-0.06375042138037189],[-0.46806788173153024,-0.12954754603770532,0.10674230792996856,-0.39255583247050585,-0.07767347406838014,-0.4518593780735986,0.03465392692421368,-0.06952036026197873,-0.49152721606841376,-0.3179746907012818],[-0.08460885463522705,0.08061449139763133,0.11548144855691,0.19233005418601068,0.05527648406526635,0.03465392692421368,0.15965516501931196,-0.018469142543579817,-0.023923554226234656,-0.0005545872854418737],[-0.04944396645979259,-0.03333578371752125,-0.000275295579258825,-0.08696499037790463,-0.018485349433293982,-0.06952036026197873,-0.018469142543579817,-0.005096614926050268,-0.061071305796166306,-0.04967666443090583],[-0.4510431613932868,-0.1732019527762313,0.07170923473728855,-0.49484163392139924,-0.10080566495657949,-0.49152721606841376,-0.023923554226234656,-0.061071305796166306,-0.5001859619421255,-0.34396350778205187],[-0.31791748506687867,-0.09732096384590957,0.05263148711386825,-0.2968801282899425,-0.06375042138037189,-0.3179746907012818,-0.0005545872854418737,-0.04967666443090583,-0.34396350778205187,-0.21132377988844733]]",10,Random,10,-1.0,-1.0,-1.0,-,-4.8443576430657815,"[1,1,-1,1,1,1,-1,1,1,1]",-1,0.214456558227539,-,-,-,-1.0,0,-1,-1,-1,-1.0,-1,-1.0,
8,1,2025-08-20 17:43:29,"[[0.4155171951037694,0.03394485061981305,-0.06459275307671518,0.4508153792809526,0.5001070148057195,-0.21031732528529393,-0.08526631238565958,0.30553973722665073,-0.029873644661286128,0.14550778425256866],[0.03394485061981305,-0.01847369606536062,-0.06775751866323496,0.06168597740876894,0.02311776011951213,-0.13152121262261446,-0.07281151172494887,0.02447498390102464,-0.03819529230627456,-0.021406569698788794],[-0.06459275307671518,-0.06775751866323496,-0.17469064149692135,0.00384398052313753,-0.13110014330099584,-0.30575417031565233,-0.18093252403513238,-0.04838048604220131,-0.100967311313935,-0.1207193049958302],[0.4508153792809526,0.06168597740876894,0.00384398052313753,0.4591217792635226,0.5640219989838854,-0.09289716904827011,-0.015826137866668588,0.33129637729298367,0.009512702952614235,0.19689023636181224],[0.5001070148057195,0.02311776011951213,-0.13110014330099584,0.5640219989838854,0.5911413134051039,-0.34776155997886626,-0.1580826041166863,0.3661140866239393,-0.06701503355918212,0.1461911886841303],[-0.21031732528529393,-0.13152121262261446,-0.30575417031565233,-0.09289716904827011,-0.34776155997886626,-0.5116657332906484,-0.31292024646146843,-0.15753474097771225,-0.1790303639652362,-0.2539161225101939],[-0.08526631238565958,-0.07281151172494887,-0.18093252403513238,-0.015826137866668588,-0.1580826041166863,-0.31292024646146843,-0.1890377173694174,-0.06473868142478799,-0.10572908862504699,-0.13362199196866895],[0.30553973722665073,0.02447498390102464,-0.04838048604220131,0.33129637729298367,0.3661140866239393,-0.15753474097771225,-0.06473868142478799,0.22491149976084057,-0.0224984329738026,0.10647710702250461],[-0.029873644661286128,-0.03819529230627456,-0.100967311313935,0.009512702952614235,-0.06701503355918212,-0.1790303639652362,-0.10572908862504699,-0.0224984329738026,-0.0583890683923418,-0.0666487802410253],[0.14550778425256866,-0.021406569698788794,-0.1207193049958302,0.19689023636181224,0.1461911886841303,-0.2539161225101939,-0.13362199196866895,0.10647710702250461,-0.0666487802410253,-0.0011760225550618642]]",10,Random,10,-1.0,-1.0,-1.0,-,-2.912473944551794,"[-1,1,1,-1,1,1,1,-1,1,1]",-1,0.2174811363220214,-,-,-,-1.0,0,-1,-1,-1,-1.0,-1,-1.0,
9,1,2025-08-20 17:43:30,"[[0.431517203946444,-0.01875368790654744,-0.33048434858655557,-0.013347643713085292,0.06849067361377142,0.3165067166542074,0.5982053610277163,-0.3631859618507417,0.06987792865422077,-0.019435027909634868],[-0.01875368790654744,-0.021303892392887554,-0.07029566419240137,-0.023982829101413253,-0.00555113407933868,-0.04068220586053227,0.032197196390659745,-0.12718371854865868,-0.0211003866548072,-0.030992908352222827],[-0.33048434858655557,-0.07029566419240137,-0.06518432227693331,-0.08331029065840859,-0.06301577221064965,-0.345102859532458,-0.24026624499002142,-0.25949284994713245,-0.12045489877436459,-0.10564640944182203],[-0.013347643713085292,-0.023982829101413253,-0.08331029065840859,-0.026768104155358373,-0.0050590600730077845,-0.03923102516873865,0.04565637495472278,-0.14643823454911303,-0.02218984344015882,-0.034343002973205625],[0.06849067361377142,-0.00555113407933868,-0.06301577221064965,-0.0050590600730077845,0.01062834929454973,0.04703038845459602,0.1022780061246129,-0.0754224990140731,0.008769899067569299,-0.006962238831353933],[0.3165067166542074,-0.04068220586053227,-0.345102859532458,-0.03923102516873865,0.04703038845459602,0.19956335306535086,0.5093028539509182,-0.43979431808587055,0.029279262427346894,-0.05288742374548551],[0.5982053610277163,0.032197196390659745,-0.24026624499002142,0.04565637495472278,0.1022780061246129,0.5093028539509182,0.6802249577873384,-0.13533160000369016,0.14252243672789153,0.05575181563028553],[-0.3631859618507417,-0.12718371854865868,-0.25949284994713245,-0.14643823454911303,-0.0754224990140731,-0.43979431808587055,-0.13533160000369016,-0.602666994251508,-0.171963813656854,-0.1873350606500685],[0.06987792865422077,-0.0211003866548072,-0.12045489877436459,-0.02218984344015882,0.008769899067569299,0.029279262427346894,0.14252243672789153,-0.171963813656854,-0.002543546455637403,-0.028649062740889675],[-0.019435027909634868,-0.030992908352222827,-0.10564640944182203,-0.034343002973205625,-0.006962238831353933,-0.05288742374548551,0.05575181563028553,-0.1873350606500685,-0.028649062740889675,-0.04477073797444806]]",10,Random,10,-1.0,-1.0,-1.0,-,-2.512271945733627,"[1,1,1,1,1,1,-1,1,1,1]",-1,0.2149322032928466,-,-,-,-1.0,0,-1,-1,-1,-1.0,-1,-1.0,
10,1,2025-08-20 17:43:30,"[[-0.38324685934805963,0.2695965846286754,-0.09582878820140651,-0.0843808094295116,-0.5770682633023265,-0.0622322047661761,-0.050847130972145715,-0.16149257584093388,0.03460753145489871,-0.30479886651596844],[0.2695965846286754,0.2336963759029906,0.1504995502251437,0.44564910141858766,0.17548772356294737,0.2154797257849497,0.39849383358225754,0.2943969566163853,0.19904157353644553,0.05959940305082542],[-0.09582878820140651,0.1504995502251437,-0.016452465111204597,0.07229617477455369,-0.18238765288653241,0.019277348822844643,0.07345605618801938,-0.001245310517053026,0.04110957547461699,-0.10077603238250438],[-0.0843808094295116,0.44564910141858766,0.07229617477455369,0.2550814492805563,-0.4014544016567585,0.11293437970186088,0.2712233850949848,0.10218805155242243,0.21515940366462455,-0.24357040699694377],[-0.5770682633023265,0.17548772356294737,-0.18238765288653241,-0.4014544016567585,-0.8142921720207277,-0.21473117349246765,-0.3038361126850475,-0.3530496689059919,-0.08005463632965058,-0.40728070073006206],[-0.0622322047661761,0.2154797257849497,0.019277348822844643,0.11293437970186088,-0.21473117349246765,0.06313990805917513,0.1610553191406411,0.06431211233482727,0.08741585383007403,-0.14754805937130988],[-0.050847130972145715,0.39849383358225754,0.07345605618801938,0.2712233850949848,-0.3038361126850475,0.1610553191406411,0.36180149036156634,0.1844435244741306,0.19784685972359764,-0.24604178680644295],[-0.16149257584093388,0.2943969566163853,-0.001245310517053026,0.10218805155242243,-0.3530496689059919,0.06431211233482727,0.1844435244741306,0.04304422702052189,0.1078364319363855,-0.24392964826201724],[0.03460753145489871,0.19904157353644553,0.04110957547461699,0.21515940366462455,-0.08005463632965058,0.08741585383007403,0.19784685972359764,0.1078364319363855,0.10403597502494051,-0.04825926382668336],[-0.30479886651596844,0.05959940305082542,-0.10077603238250438,-0.24357040699694377,-0.40728070073006206,-0.14754805937130988,-0.24604178680644295,-0.24392964826201724,-0.04825926382668336,-0.17065368182497587]]",10,Random,10,-1.0,-1.0,-1.0,-,-3.5521430965542,"[1,-1,1,1,1,1,-1,1,-1,1]",-1,0.2181320190429687,-,-,-,-1.0,0,-1,-1,-1,-1.0,-1,-1.0,
11,1,2025-08-20 17:43:29,"[[-0.09643857739679643,-0.026505451870183293,-0.06138133090789305,-0.02502823929056326,-0.31056129520819187,-0.1322286840590223,-0.14292293254944402,-0.1559836893958003,-0.03277481544742052,-0.24153450061621903],[-0.026505451870183293,0.015603934537045495,0.038965988527631445,0.0495105823892962,-0.06466405274558548,0.01656372801397337,-0.056734308088018603,-0.042581905218804436,0.014506308051271441,-0.0075258442781037035],[-0.06138133090789305,0.038965988527631445,0.09523727881947194,0.12303522684214176,-0.1460776342745083,0.04721633601159521,-0.13095829964505348,-0.10203435411001854,0.033667985938589357,-0.013005887087847084],[-0.02502823929056326,0.0495105823892962,0.12303522684214176,0.13691862887869535,-0.036785923483072386,0.09784278250707987,-0.08179253305269749,-0.04370436351600046,0.05208512496941309,0.08211531852606524],[-0.31056129520819187,-0.06466405274558548,-0.1460776342745083,-0.036785923483072386,-0.9668543181690933,-0.37946022889340325,-0.4655352521345336,-0.49662792656576304,-0.08911319630485132,-0.7231527496822122],[-0.1322286840590223,0.01656372801397337,0.04721633601159521,0.09784278250707987,-0.37946022889340325,-0.058160201932718245,-0.23510480551065477,-0.21383279270091451,0.011263000922335375,-0.19342604634350627],[-0.14292293254944402,-0.056734308088018603,-0.13095829964505348,-0.08179253305269749,-0.4655352521345336,-0.23510480551065477,-0.19346208107066912,-0.22662535632906264,-0.06709247578490152,-0.39700152550063256],[-0.1559836893958003,-0.042581905218804436,-0.10203435411001854,-0.04370436351600046,-0.49662792656576304,-0.21383279270091451,-0.22662535632906264,-0.2517743043538307,-0.05905376089096156,-0.3946044075212829],[-0.03277481544742052,0.014506308051271441,0.033667985938589357,0.05208512496941309,-0.08911319630485132,0.011263000922335375,-0.06709247578490152,-0.05905376089096156,0.011320019705257657,-0.026980217531814007],[-0.24153450061621903,-0.0075258442781037035,-0.013005887087847084,0.08211531852606524,-0.7231527496822122,-0.19342604634350627,-0.39700152550063256,-0.3946044075212829,-0.026980217531814007,-0.4597877226562088]]",10,Random,10,-1.0,-1.0,-1.0,-,-4.669304929120384,"[1,1,1,-1,1,1,1,1,1,1]",-1,0.2305901050567627,-,-,-,-1.0,0,-1,-1,-1,-1.0,-1,-1.0,
12,1,2025-08-20 17:43:29,"[[-0.12554240075460615,-0.06936374563202675,-0.29974295454208044,-0.16419120777957086,-0.26937079924323615,-0.19976864292385926,-0.22696040894664227,-0.1542582486529366,-0.2099342717346705,-0.33352636045248474],[-0.06936374563202675,0.33438715783996936,-0.14487724208333658,-0.08880108880840568,-0.09218441178042192,0.15148919533700236,0.1966516437748832,0.32853693501775205,-0.1966505187814111,-0.0034879238147873526],[-0.29974295454208044,-0.14487724208333658,-0.7053304711381724,-0.38491206893743474,-0.6369181071551373,-0.4564267653893243,-0.517213693053479,-0.34062841131443433,-0.499620994072005,-0.7825719610827324],[-0.16419120777957086,-0.08880108880840568,-0.38491206893743474,-0.2101088832911761,-0.34805918421371074,-0.25547094554461247,-0.2909064322152343,-0.1951203638220559,-0.27041931041621503,-0.4310367030720361],[-0.26937079924323615,-0.09218441178042192,-0.6369181071551373,-0.34805918421371074,-0.5723712165164702,-0.3867519514873294,-0.43326320349218556,-0.26869495006195676,-0.46062177232554846,-0.6903912242569006],[-0.19976864292385926,0.15148919533700236,-0.4564267653893243,-0.25547094554461247,-0.3867519514873294,-0.1300467392990343,-0.13036310873834261,0.04837580587922079,-0.3868229123013946,-0.4012288720007805],[-0.22696040894664227,0.1966516437748832,-0.517213693053479,-0.2909064322152343,-0.43326320349218556,-0.13036310873834261,-0.12836711165309003,0.08332192896459466,-0.44470709127091695,-0.4419960813588204],[-0.1542582486529366,0.32853693501775205,-0.34062841131443433,-0.1951203638220559,-0.26869495006195676,0.04837580587922079,0.08332192896459466,0.2708583207028312,-0.34425617886147547,-0.20919735943871756],[-0.2099342717346705,-0.1966505187814111,-0.499620994072005,-0.27041931041621503,-0.46062177232554846,-0.3868229123013946,-0.44470709127091695,-0.34425617886147547,-0.3296422587427641,-0.5942693282804703],[-0.33352636045248474,-0.0034879238147873526,-0.7825719610827324,-0.4310367030720361,-0.6903912242569006,-0.4012288720007805,-0.4419960813588204,-0.20919735943871756,-0.5942693282804703,-0.7999454265490772]]",10,Random,10,-1.0,-1.0,-1.0,-,-10.03249214727388,"[1,-1,1,1,1,1,1,1,1,1]",-1,0.2154195308685302,-,-,-,-1.0,0,-1,-1,-1,-1.0,-1,-1.0,
13,1,2025-08-20 17:43:29,"[[0.36501278971079043,-0.06073953536206525,0.2583062494988029,0.36963296134093243,0.05161015986562403,0.09382496030852983,-0.042502033989331535,0.07093428243772426,0.3635562464608326,-0.03192542182784693],[-0.06073953536206525,-0.04218256667338719,-0.22926050886074634,-0.03083845547038927,-0.17099160840915795,-0.24875981131170063,-0.07497508897825886,-0.05835370837806302,-0.16837909916442825,-0.07224876324386256],[0.2583062494988029,-0.22926050886074634,-0.3387009831541477,0.24804254267535764,-0.32955117868568373,-0.6669788329799642,-0.23408075529436245,-0.09826768968791201,-0.18949774233228928,-0.2077440183708676],[0.36963296134093243,-0.03083845547038927,0.24804254267535764,0.4806912694524742,-0.03666940769724408,0.15738541635335823,-0.062297537257386945,0.09742522220927213,0.4930466238550976,-0.05951087494556091],[0.05161015986562403,-0.17099160840915795,-0.32955117868568373,-0.03666940769724408,-0.27996872757054136,-0.5689243411528195,-0.17282141891713326,-0.1681505774949083,-0.3537916177050145,-0.1859458960293603],[0.09382496030852983,-0.24875981131170063,-0.6669788329799642,0.15738541635335823,-0.5689243411528195,-0.9440861660145073,-0.31312062785479405,-0.1723695255039954,-0.42549267669293317,-0.29029075722402436],[-0.042502033989331535,-0.07497508897825886,-0.23408075529436245,-0.062297537257386945,-0.17282141891713326,-0.31312062785479405,-0.08525268307304118,-0.08970957214543251,-0.23605766725086147,-0.09327866274300665],[0.07093428243772426,-0.05835370837806302,-0.09826768968791201,0.09742522220927213,-0.1681505774949083,-0.1723695255039954,-0.08970957214543251,-0.05050463170538422,-0.013197109232906332,-0.10451481859295379],[0.3635562464608326,-0.16837909916442825,-0.18949774233228928,0.4930466238550976,-0.3537916177050145,-0.42549267669293317,-0.23605766725086147,-0.013197109232906332,0.16519158491220004,-0.21115796683410026],[-0.03192542182784693,-0.07224876324386256,-0.2077440183708676,-0.05951087494556091,-0.1859458960293603,-0.29029075722402436,-0.09327866274300665,-0.10451481859295379,-0.21115796683410026,-0.11349542422343654]]",10,Random,10,-1.0,-1.0,-1.0,-,-5.714430294583959,"[-1,1,1,-1,1,1,1,1,1,1]",-1,0.2149183750152588,-,-,-,-1.0,0,-1,-1,-1,-1.0,-1,-1.0,
14,1,2025-08-20 17:43:30,"[[0.12957379587572804,0.06549042856197029,-0.10870294775785712,-0.18899401162512638,0.09785346577895951,0.299300400516969,0.20190263720262558,0.25395649249748686,0.08954765381387501,-0.23389089503481314],[0.06549042856197029,0.0315075353350167,-0.03277349318390761,-0.07308565573553598,0.059885282474923085,0.14387032393388016,0.09131850905720673,0.11613509991333565,0.051332378852361076,-0.09291530092903587],[-0.10870294775785712,-0.03277349318390761,-0.4545958170726448,-0.570248307222783,-0.33709541706250035,-0.0011418928995844402,0.20732609406500924,0.1185458929793074,-0.2256373681680127,-0.5199676666348871],[-0.18899401162512638,-0.07308565573553598,-0.570248307222783,-0.7135024316236941,-0.48669022877204066,-0.10493956099578067,0.200795124631029,0.07159888552847452,-0.33479967085769985,-0.6285729400784928],[0.09785346577895951,0.059885282474923085,-0.33709541706250035,-0.48669022877204066,-0.04468794227682718,0.34466638608228933,0.33198415072123905,0.3475846359522142,-0.002464402202171428,-0.5127027880532868],[0.299300400516969,0.14387032393388016,-0.0011418928995844402,-0.10493956099578067,0.34466638608228933,0.5822071872714643,0.3046803417338224,0.436766937135886,0.2775793801079474,-0.21045794422346553],[0.20190263720262558,0.09131850905720673,0.20732609406500924,0.200795124631029,0.33198415072123905,0.3046803417338224,0.07607657782166159,0.17146959134966017,0.24656024303902935,0.1301977585739054],[0.25395649249748686,0.11613509991333565,0.1185458929793074,0.07159888552847452,0.3475846359522142,0.436766937135886,0.17146959134966017,0.2977018548979739,0.2676329066066579,-0.023184413155011796],[0.08954765381387501,0.051332378852361076,-0.2256373681680127,-0.33479967085769985,-0.002464402202171428,0.2775793801079474,0.24656024303902935,0.2676329066066579,0.02050464378978069,-0.3599419356902281],[-0.23389089503481314,-0.09291530092903587,-0.5199676666348871,-0.6285729400784928,-0.5127027880532868,-0.21045794422346553,0.1301977585739054,-0.023184413155011796,-0.3599419356902281,-0.5262201185048023]]",10,Random,10,-1.0,-1.0,-1.0,-,-4.942668848350386,"[1,1,1,1,1,-1,-1,-1,1,1]",-1,0.2148945331573486,-,-,-,-1.0,0,-1,-1,-1,-1.0,-1,-1.0,
15,1,2025-08-20 17:43:30,"[[0.19493082751204557,0.1343515752831725,0.1541375704238915,-0.005084572872194357,-0.2662942563445972,0.12497168145254078,-0.27936208614712127,0.3254491128288391,0.029953326985228023,0.15441330869270103],[0.1343515752831725,0.08263982178288518,0.08351687911761672,0.010536249598377567,-0.10628057401243712,0.09732881497093132,-0.07554981286724319,0.17642059303553276,0.03538227121921035,0.11711663748118437],[0.1541375704238915,0.08351687911761672,0.06754087275186062,0.029250232023959828,-0.03006085667064322,0.1251487530795788,0.05420270077848763,0.14633405189938054,0.05824573789954625,0.14676975685979363],[-0.005084572872194357,0.010536249598377567,0.029250232023959828,-0.020087455763168324,-0.10480619367129484,-0.019771396127361063,-0.16259717336708426,0.060098561555333635,-0.022117643172055102,-0.01958010000948377],[-0.2662942563445972,-0.10628057401243712,-0.03006085667064322,-0.10480619367129484,-0.2419403890496588,-0.2590535289422231,-0.5390552260762634,-0.07114223327068311,-0.15683435952146926,-0.29365636319923566],[0.12497168145254078,0.09732881497093132,0.1251487530795788,-0.019771396127361063,-0.2590535289422231,0.06713906739159428,-0.3133622446292655,0.26284880170228914,0.0024455698488286062,0.08716934247606556],[-0.27936208614712127,-0.07554981286724319,0.05420270077848763,-0.16259717336708426,-0.5390552260762634,-0.3133622446292655,-1.0,0.10083971485188661,-0.21915127284265,-0.34700600176851487],[0.3254491128288391,0.17642059303553276,0.14633405189938054,0.060098561555333635,-0.07114223327068311,0.26284880170228914,0.10083971485188661,0.3124646628478966,0.12156717764306213,0.30907577336066405],[0.029953326985228023,0.03538227121921035,0.05824573789954625,-0.022117643172055102,-0.15683435952146926,0.0024455698488286062,-0.21915127284265,0.12156717764306213,-0.017357283632143033,0.007934102445940422],[0.15441330869270103,0.11711663748118437,0.14676975685979363,-0.01958010000948377,-0.29365636319923566,0.08716934247606556,-0.34700600176851487,0.30907577336066405,0.007934102445940422,0.11123076579569431]]",10,Random,10,-1.0,-1.0,-1.0,-,-2.859213143572134,"[1,-1,-1,1,1,1,1,-1,1,1]",-1,0.2158362865447998,-,-,-,-1.0,0,-1,-1,-1,-1.0,-1,-1.0,
16,1,2025-08-20 17:43:29,"[[0.007409993926066267,-0.14305659943296528,-0.09463787537094102,0.12259115260492749,-0.49605799627299807,-0.0037046519717238427,0.17297774956516046,-0.04636053160998692,-0.3525956630390061,0.443748676964133],[-0.14305659943296528,-0.07833990917989052,-0.08714489844483549,0.02078460019208193,-0.26676567606719165,-0.12421074705322371,0.012683613450210192,-0.14865517777524806,-0.17445073500841224,-0.024525337388214344],[-0.09463787537094102,-0.08714489844483549,-0.08103227338812391,0.04179590858736077,-0.29494228074681944,-0.08535027180325784,0.04770507384323333,-0.11179597101423387,-0.19878512857269526,0.08613907950617182],[0.12259115260492749,0.02078460019208193,0.04179590858736077,0.021971058335830143,0.06444980456072527,0.10215212248047917,0.04430422282138521,0.10964711224909143,0.034034085620009154,0.16003504580514258],[-0.49605799627299807,-0.26676567606719165,-0.29494228074681944,0.06444980456072527,-0.8962183773252551,-0.4280093534949385,0.035132068180530454,-0.5117913239737966,-0.586824303231256,-0.10248447227762142],[-0.0037046519717238427,-0.12421074705322371,-0.08535027180325784,0.10215212248047917,-0.4280093534949385,-0.011857788296809613,0.14279623782372214,-0.04940424037751228,-0.30209195083560525,0.36232846540717856],[0.17297774956516046,0.012683613450210192,0.04770507384323333,0.04430422282138521,0.035132068180530454,0.14279623782372214,0.08085276186587154,0.14845789597824421,0.008728297381603412,0.273904036645026],[-0.04636053160998692,-0.14865517777524806,-0.11179597101423387,0.10964711224909143,-0.5117913239737966,-0.04940424037751228,0.14845789597824421,-0.0938889548231648,-0.3576280209786778,0.3592731187314313],[-0.3525956630390061,-0.17445073500841224,-0.19878512857269526,0.034034085620009154,-0.586824303231256,-0.30209195083560525,0.008728297381603412,-0.3576280209786778,-0.3823959875056758,-0.11407908790852572],[0.443748676964133,-0.024525337388214344,0.08613907950617182,0.16003504580514258,-0.10248447227762142,0.36232846540717856,0.273904036645026,0.3592731187314313,-0.11407908790852572,0.871784074290456]]",10,Random,10,-1.0,-1.0,-1.0,-,-4.914075213283619,"[1,1,1,-1,1,1,-1,1,1,-1]",-1,0.2160592079162597,-,-,-,-1.0,0,-1,-1,-1,-1.0,-1,-1.0,
17,1,2025-08-20 17:43:29,"[[-0.28476351595394434,-0.1801253965260257,-0.04293837332597535,-0.33691263731078747,-0.2999458616750633,-0.0854399830655114,-0.6347054018538515,-0.24954446232981006,0.04377857665178023,0.022325261979846744],[-0.1801253965260257,0.09315027222738359,0.02083657014860276,0.14376469757696758,-0.008930836417979003,0.09147834937866378,-0.10733900593145808,-0.011323873455735274,0.21075992692550066,0.1641526114276893],[-0.04293837332597535,0.02083657014860276,0.003039945973084197,0.02695664040606486,-0.006136169720654176,0.018932348646657313,-0.028544575026729514,-0.00577394709193695,0.04598911226886346,0.036609252988629166],[-0.33691263731078747,0.14376469757696758,0.02695664040606486,0.20157108694894557,-0.05558833417623711,0.14419888508119266,-0.2481842236599389,-0.04898854816196395,0.35951049154767567,0.2810768098145274],[-0.2999458616750633,-0.008930836417979003,-0.006136169720654176,-0.05558833417623711,-0.15460650286767372,0.038465682690466886,-0.4152789752405618,-0.15183273438558992,0.20486388115643428,0.15993642342874168],[-0.0854399830655114,0.09147834937866378,0.018932348646657313,0.14419888508119266,0.038465682690466886,0.07220619952275095,0.012060157272779148,0.02494442211862751,0.13479325419265345,0.10789129757285329],[-0.6347054018538515,-0.10733900593145808,-0.028544575026729514,-0.2481842236599389,-0.4152789752405618,0.012060157272779148,-0.9999999999999999,-0.34606855739026215,0.35352457747375643,0.25830021200949277],[-0.24954446232981006,-0.011323873455735274,-0.00577394709193695,-0.04898854816196395,-0.15183273438558992,0.02494442211862751,-0.34606855739026215,-0.10856255604951362,0.16630759100619893,0.12139797149890103],[0.04377857665178023,0.21075992692550066,0.04598911226886346,0.35951049154767567,0.20486388115643428,0.13479325419265345,0.35352457747375643,0.16630759100619893,0.14439471826052988,0.12187593040713461],[0.022325261979846744,0.1641526114276893,0.036609252988629166,0.2810768098145274,0.15993642342874168,0.10789129757285329,0.25830021200949277,0.12139797149890103,0.12187593040713461,0.10356410028306375]]",10,Random,10,-1.0,-1.0,-1.0,-,-3.3919703372270984,"[1,1,1,1,1,-1,1,1,-1,-1]",-1,0.2170777320861816,-,-,-,-1.0,0,-1,-1,-1,-1.0,-1,-1.0,
