Id (int),Valid (int),Updated (str),Matrix (mat),Size (int),Type (str),Rank (int),Density (flt),Stiffness (flt),Other (flt),Test_solver (str),Test (flt),Test_state (vec),Test_iterations (int),Test_time (flt),Train_solver (str),Preprocessing (str),Postprocessing (str),Train (flt),Train_state (vec),Train_iterations_1 (int),Train_iterations_2 (int),Train_iterations_3 (int),Train_cost (flt),Train_shots (int),Train_time (flt),Flags (str),Baren (int)
0,0,0,0,0,0,0,0.0,0.0,0.0,0,0.0,0,0,0.0,0,0.0,0.0,0.0,0,0,0,0,0.0,0,0.0,0.0,0
1,1,2025-08-28 17:55:29,"[[0.24429993395026126,-0.2455267590455873,0.1908168104092025,0.03288834978419359,0.13111644712838974,0.021667780920754214,0.3549434022417873,0.12699500684939233,-0.07109196065944859,-0.14854094340640484],[-0.2455267590455873,-0.32314903807723894,0.02603796044561224,-0.2506702877511147,-0.15400322585008258,-0.20837816592563171,-0.11947127027105522,-0.3186249544696278,-0.6401838425822444,-0.17043971607123634],[0.1908168104092025,0.02603796044561224,0.06632555755837388,0.10978733162138918,0.11310518617329433,0.08803753436294762,0.18481576513182518,0.16956091481290764,0.21594100705700656,0.004059194856374043],[0.03288834978419359,-0.2506702877511147,0.10978733162138918,-0.07808522492633514,0.006611308189324622,-0.06832398340205253,0.13986523579831978,-0.0544066556271731,-0.28165439612076404,-0.14229704023326656],[0.13111644712838974,-0.15400322585008258,0.11310518617329433,0.006611308189324622,0.07184183918180115,0.004994068265952941,0.20195944565361273,0.059665443139615276,-0.06834606746833012,-0.0949429935556402],[0.021667780920754214,-0.20837816592563171,0.08803753436294762,-0.06832398340205253,0.004994068265952941,-0.05916678392231461,0.10862424611334875,-0.052055085955848006,-0.2395458882036946,-0.11811707052043913],[0.3549434022417873,-0.11947127027105522,0.18481576513182518,0.13986523579831978,0.20195944565361273,0.10862424611334875,0.4126019726751818,0.2601713305770935,0.1924621456668544,-0.08320637056697344],[0.12699500684939233,-0.3186249544696278,0.16956091481290764,-0.0544066556271731,0.059665443139615276,-0.052055085955848006,0.2601713305770935,0.0006004290506201595,-0.27523200843010964,-0.18256354860560173],[-0.07109196065944859,-0.6401838425822444,0.21594100705700656,-0.28165439612076404,-0.06834606746833012,-0.2395458882036946,0.1924621456668544,-0.27523200843010964,-0.8695484135129227,-0.3550337935663299],[-0.14854094340640484,-0.17043971607123634,0.004059194856374043,-0.14229704023326656,-0.0949429935556402,-0.11811707052043913,-0.08320637056697344,-0.18256354860560173,-0.3550337935663299,-0.08614240698542891]]",10,Random,10,-1.0,-1.0,0.0,0,0.5547380620243647,"[-1.,-1.,-1.,-1.,-1.,-1.,-1.,-1.,-1.,-1.]",0,0.3237817287445068,MA-ALT,,,-3.750976753769419,"[1,1,-1,1,1,1,-1,1,1,1]",-1,-1,-1,0.0,1000,341.65664315223694,Baren_47,0
2,1,2025-08-28 17:55:41,"[[-0.23937574933369468,-0.584589054635809,-0.03144940263202028,-0.22889481659067945,-0.14874733698913906,-0.12271167313950371,-0.10634953444141299,-0.0883199258831885,-0.03989246890572411,-0.41533717442200324],[-0.584589054635809,-0.6864734610141142,0.01542608038153494,-0.25292096645107365,-0.2630979176652315,-0.22738566307176064,-0.3284463900121734,-0.09288257982472711,0.07224344280592726,-0.5699421133952174],[-0.03144940263202028,0.01542608038153494,0.007230553737944931,0.00823671031268901,-0.007764418433919486,-0.007016454797369064,-0.022487654044137835,0.004487401970260806,0.015474262714496954,0.0011520919224188332],[-0.22889481659067945,-0.25292096645107365,0.00823671031268901,-0.08694655157120923,-0.10268169912918507,-0.08900394695839725,-0.13254797198940665,-0.034590983788617,0.034065037948091466,-0.21634244519301754],[-0.14874733698913906,-0.2630979176652315,-0.007764418433919486,-0.10268169912918507,-0.08229050798685598,-0.0651825630824467,-0.07393137801578659,-0.0316680292963078,-0.00524073190998146,-0.1925126914779109],[-0.12271167313950371,-0.22738566307176064,-0.007016454797369064,-0.08900394695839725,-0.0651825630824467,-0.055592886749446915,-0.060749940872431435,-0.0346130072859768,-0.003996185430008008,-0.16992318594091133],[-0.10634953444141299,-0.3284463900121734,-0.022487654044137835,-0.13254797198940665,-0.07393137801578659,-0.060749940872431435,-0.03995769993660921,-0.050618688517181196,-0.03367927700815079,-0.22449582913453595],[-0.0883199258831885,-0.09288257982472711,0.004487401970260806,-0.034590983788617,-0.0316680292963078,-0.0346130072859768,-0.050618688517181196,-0.021789929039739284,0.016676249944471533,-0.08647535733291094],[-0.03989246890572411,0.07224344280592726,0.015474262714496954,0.034065037948091466,-0.00524073190998146,-0.003996185430008008,-0.03367927700815079,0.016676249944471533,0.030616898681415407,0.03367954304040053],[-0.41533717442200324,-0.5699421133952174,0.0011520919224188332,-0.21634244519301754,-0.1925126914779109,-0.16992318594091133,-0.22449582913453595,-0.08647535733291094,0.03367954304040053,-0.45856184335145184]]",10,Random,10,-1.0,-1.0,-1.0,-,-4.221710094174643,"[1.,1.,1.,1.,1.,1.,1.,1.,-1.,1.]",-1,0.4740636348724365,MA-ALT,,,-4.221710094174643,"[1,1,1,1,1,1,1,1,-1,1]",3,3,3,-1.0,1000,12.065128803253174,,-1
3,1,2025-08-28 17:56:06,"[[-0.15659882438366382,-0.02078167949402648,-0.11946561559255046,-0.23010942156170877,-0.10893785572492695,-0.009608824295050753,-0.24611638844870004,0.08529234984141859,-0.2927222017606471,0.05161233339287098],[-0.02078167949402648,0.007382609235503678,-0.027293168844229047,-0.053749135576404025,0.014056681136268272,0.0154235189559652,-0.020518718449541395,0.04102690599338973,0.01403912508138051,0.05300960694286089],[-0.11946561559255046,-0.027293168844229047,-0.08004130567820411,-0.15159106536044958,-0.11306875492030762,-0.0256931384485531,-0.20172056209511408,0.033524403596141325,-0.27765398932255025,-0.008719815650447195],[-0.23010942156170877,-0.053749135576404025,-0.15159106536044958,-0.2859463504526776,-0.2200908020768181,-0.051204063764722516,-0.3863359807464031,0.05901157321113777,-0.5385034850312351,-0.023675284005420835],[-0.10893785572492695,0.014056681136268272,-0.11306875492030762,-0.2200908020768181,0.0033189998802473967,0.04064506678252103,-0.13342955094219802,0.13967076542961396,-0.055452441198458734,0.16162602002825108],[-0.009608824295050753,0.0154235189559652,-0.0256931384485531,-0.051204063764722516,0.04064506678252103,0.027710070780274865,0.006348892284927785,0.05434325905089512,0.07026477193713696,0.07926132224933735],[-0.24611638844870004,-0.020518718449541395,-0.20172056209511408,-0.3863359807464031,-0.13342955094219802,0.006348892284927785,-0.36688960187076264,0.16890975565683466,-0.3862156114894129,0.13876436796598257],[0.08529234984141859,0.04102690599338973,0.033524403596141325,0.05901157321113777,0.13967076542961396,0.05434325905089512,0.16890975565683466,0.03989537404010909,0.30692365184999826,0.10323231120043165],[-0.2927222017606471,0.01403912508138051,-0.27765398932255025,-0.5385034850312351,-0.055452441198458734,0.07026477193713696,-0.3862156114894129,0.30692365184999826,-0.26965327289430346,0.3287273078101054],[0.05161233339287098,0.05300960694286089,-0.008719815650447195,-0.023675284005420835,0.16162602002825108,0.07926132224933735,0.13876436796598257,0.10323231120043165,0.3287273078101054,0.18527172763210611]]",10,Random,10,-1.0,-1.0,-1.0,-,-3.471750960971519,"[1.,1.,1.,1.,1.,-1.,1.,-1.,1.,-1.]",-1,0.2339594364166259,MA-ALT,,,-3.471750960971519,"[1,1,1,1,1,-1,1,-1,1,-1]",6,3,3,-1.0,1000,24.84425616264344,,-1
4,1,2025-08-28 17:56:55,"[[-0.010390471553821093,-0.06120146997254876,-0.00347111566459387,-0.023357338174998084,-0.034080588095702004,-0.012715463509069049,0.017172083748004496,-0.02572146700763253,-0.1111678419540459,-0.028242553551839654],[-0.06120146997254876,-0.17278260191865955,-0.10314625433468384,-0.18200900548911214,-0.08708818092029713,-0.10400221881817154,0.0013900863718693326,-0.09197493081770057,-0.5225000574458702,-0.08814079393600774],[-0.00347111566459387,-0.10314625433468384,0.375629051580768,0.3609851473715152,-0.11147389374459327,0.11629576255540842,0.1964345158246306,0.09907600117475857,0.4373280273424649,0.027604677372252605],[-0.023357338174998084,-0.18200900548911214,0.3609851473715152,0.32803489897543703,-0.15332126964262804,0.08799192500066248,0.2107869073580497,0.07060937880529682,0.2802340531898419,-0.00847022667421675],[-0.034080588095702004,-0.08708818092029713,-0.11147389374459327,-0.15332126964262804,-0.043186014169073486,-0.07048446425910816,-0.01758066556418444,-0.07180488012112535,-0.3741107680440124,-0.06374652161909404],[-0.012715463509069049,-0.10400221881817154,0.11629576255540842,0.08799192500066248,-0.07048446425910816,0.021240813417715387,0.0792967526929262,0.0032980059841011666,0.015486534472304483,-0.021897611897427463],[0.017172083748004496,0.0013900863718693326,0.1964345158246306,0.2107869073580497,-0.01758066556418444,0.0792967526929262,0.08027197089405327,0.07180627123126114,0.35159563241466196,0.04174186174255174],[-0.02572146700763253,-0.09197493081770057,0.09907600117475857,0.07060937880529682,-0.07180488012112535,0.0032980059841011666,0.07180627123126114,0.006593609646154326,-0.0211855146131895,-0.01780769771827905],[-0.1111678419540459,-0.5225000574458702,0.4373280273424649,0.2802340531898419,-0.3741107680440124,0.015486534472304483,0.35159563241466196,-0.0211855146131895,-0.2577783105232831,-0.14367344897867612],[-0.028242553551839654,-0.08814079393600774,0.027604677372252605,-0.00847022667421675,-0.06374652161909404,-0.021897611897427463,0.04174186174255174,-0.01780769771827905,-0.14367344897867612,-0.03659266546313107]]",10,Random,10,-1.0,-1.0,-1.0,-,-2.230659168847919,"[1.,1.,-1.,-1.,1.,1.,-1.,1.,1.,1.]",-1,0.2369837760925293,MA-ALT,,,-2.230659168847919,"[1,1,-1,-1,1,1,-1,1,1,1]",7,7,7,-1.0,1000,49.26516652107239,,-1
5,1,2025-08-28 17:59:03,"[[0.00997031516951278,0.0037120403096567115,0.009072239573871701,-0.042826776961332,-0.025395523585581926,0.027299005643634463,0.0003184298465220142,-0.00948841615863482,0.016152909104470054,0.027910416715802064],[0.0037120403096567115,0.0010962651763544887,0.0008091833461974834,-0.019371330401296058,-0.01695368104641104,0.01158313626295291,-0.003399775108168913,-0.01417938552107902,-0.0005077673197353633,0.009423295541546188],[0.009072239573871701,0.0008091833461974834,-0.012577668032073804,-0.09410401154027116,-0.1271406963522946,0.03616213069563129,-0.04423695480015251,-0.13755173507951418,-0.05483554130540265,0.020771510825618518],[-0.042826776961332,-0.019371330401296058,-0.09410401154027116,-0.11718452739179892,-0.3496518042260809,-0.027101420047238037,-0.18706023017668713,-0.4865274545431709,-0.3288534941419534,-0.10381958050055551],[-0.025395523585581926,-0.01695368104641104,-0.1271406963522946,-0.3496518042260809,-0.6628118520113676,0.06475064355998712,-0.29886435556658975,-0.8291858548730302,-0.4686938051446483,-0.05888103656286672],[0.027299005643634463,0.01158313626295291,0.03616213069563129,-0.027101420047238037,0.06475064355998712,0.05002343817458721,0.05439404837308137,0.12450106282668329,0.11791490173575041,0.06934947516515083],[0.0003184298465220142,-0.003399775108168913,-0.04423695480015251,-0.18706023017668713,-0.29886435556658975,0.05439404837308137,-0.12156598842396645,-0.35158324669094543,-0.17433325215014228,0.004500841330296344],[-0.00948841615863482,-0.01417938552107902,-0.13755173507951418,-0.4865274545431709,-0.8291858548730302,0.12450106282668329,-0.35158324669094543,-1.0,-0.5259042784277422,-0.01879487500605717],[0.016152909104470054,-0.0005077673197353633,-0.05483554130540265,-0.3288534941419534,-0.4686938051446483,0.11791490173575041,-0.17433325215014228,-0.5259042784277422,-0.23020561414738536,0.04584540060770514],[0.027910416715802064,0.009423295541546188,0.020771510825618518,-0.10381958050055551,-0.05888103656286672,0.06934947516515083,0.004500841330296344,-0.01879487500605717,0.04584540060770514,0.0726169332362923]]",10,Random,10,-1.0,-1.0,-1.0,-,-4.122606086695157,"[1.,1.,1.,1.,1.,-1.,1.,1.,1.,1.]",-1,0.2733323574066162,MA-ALT,,,-4.122606086695157,"[1,1,1,1,1,-1,1,1,1,1]",11,3,3,-1.0,1000,127.00307703018188,,-1
6,1,2025-08-28 17:59:12,"[[-0.2000086189114424,-0.3619019243009425,-0.214853556380657,-0.10176895780880577,-0.1921418591489381,-0.12337383807695637,-0.05033892617605816,0.06932134271733101,-0.14257324616365194,-0.08024611171979942],[-0.3619019243009425,-0.15069564716666659,-0.26941814202382164,-0.26836714573177756,-0.10167720115834238,-0.1281212157822798,-0.47849388746635124,-0.039173761398507395,-0.34005409275755183,-0.2200061636873793],[-0.214853556380657,-0.26941814202382164,-0.20219057730189047,-0.12897760509346468,-0.14760124384311218,-0.10997468262285959,-0.14545293028742165,0.035596782526903445,-0.17248181013271185,-0.10393911890421648],[-0.10176895780880577,-0.26836714573177756,-0.12897760509346468,-0.037526465750843285,-0.13839281087388258,-0.07853959388759227,0.03934658234067933,0.06285746079869399,-0.058796813692035266,-0.028318636556951403],[-0.1921418591489381,-0.10167720115834238,-0.14760124384311218,-0.13839281087388258,-0.06391706243313999,-0.07236266772601252,-0.23684253340582742,-0.013701188510207157,-0.1766431999195006,-0.11374010423492278],[-0.12337383807695637,-0.1281212157822798,-0.10997468262285959,-0.07853959388759227,-0.07236266772601252,-0.05852596213419021,-0.10412395975865843,0.01158608927358484,-0.10315851592572113,-0.06377625795789563],[-0.05033892617605816,-0.47849388746635124,-0.14545293028742165,0.03934658234067933,-0.23684253340582742,-0.10412395975865843,0.2853854748905774,0.14402563387797146,0.027273968813093463,0.03727711826830924],[0.06932134271733101,-0.039173761398507395,0.035596782526903445,0.06285746079869399,-0.013701188510207157,0.01158608927358484,0.14402563387797146,0.02968021681847474,0.07634317339954717,0.05218321059233148],[-0.14257324616365194,-0.34005409275755183,-0.17248181013271185,-0.058796813692035266,-0.1766431999195006,-0.10315851592572113,0.027273968813093463,0.07634317339954717,-0.08842738809049672,-0.04493219788262686],[-0.08024611171979942,-0.2200061636873793,-0.10393911890421648,-0.028318636556951403,-0.11374010423492278,-0.06377625795789563,0.03727711826830924,0.05218321059233148,-0.04493219788262686,-0.021154533029564705]]",10,Random,10,-1.0,-1.0,-1.0,-,-3.989564896255928,"[1.,1.,1.,1.,1.,1.,1.,-1.,1.,1.]",-1,0.2374205589294433,MA-ALT,,,-3.989564896255928,"[1,1,1,1,1,1,1,-1,1,1]",2,2,2,-1.0,1000,9.567815065383911,,-1
7,1,2025-08-28 17:50:41,"[[-0.42210704375340263,-0.24984578325924187,-0.5870200062404015,-0.25365070556271163,-0.42495020323630617,-0.13069594138044774,-0.3838837345256106,-0.38816042585432803,-0.05526753208091595,-0.33935189667118426],[-0.24984578325924187,0.014049637476715782,-0.25174692943881666,0.12112789229612406,-0.2350633660762353,-0.02256824259869703,-0.0003269008808560476,0.1270945015703478,-0.039106061707206714,0.0064097746056321035],[-0.5870200062404015,-0.25174692943881666,-0.7649246625209157,-0.19766456811055957,-0.5795791417989662,-0.15087951337879887,-0.40456911944689256,-0.33837762817784744,-0.08069767335800915,-0.3527668985708107],[-0.25365070556271163,0.12112789229612406,-0.19766456811055957,0.3130754220153277,-0.23235827959932853,0.005455438244024162,0.14852708322260905,0.3696933369874933,-0.04221085510412292,0.15228677179351272],[-0.42495020323630617,-0.2350633660762353,-0.5795791417989662,-0.23235827959932853,-0.42331869494049557,-0.12220579920962793,-0.3623795932607832,-0.3550955969275183,-0.05748567631485503,-0.3243043436148971],[-0.13069594138044774,-0.02256824259869703,-0.15087951337879887,0.005455438244024162,-0.12220579920962793,-0.02000967980093344,-0.04414040432528503,-0.007723582369522371,-0.02018346870709299,-0.03969412272340383],[-0.3838837345256106,-0.0003269008808560476,-0.40456911944689256,0.14852708322260905,-0.3623795932607832,-0.04414040432528503,-0.03265198672544932,0.14431734164360344,-0.05919830765955533,-0.016962652355416028],[-0.38816042585432803,0.1270945015703478,-0.33837762817784744,0.3696933369874933,-0.3550955969275183,-0.007723582369522371,0.14431734164360344,0.42598151036171833,-0.06364411207573727,0.15263572926452856],[-0.05526753208091595,-0.039106061707206714,-0.08069767335800915,-0.04221085510412292,-0.05748567631485503,-0.02018346870709299,-0.05919830765955533,-0.06364411207573727,-0.006658809480413625,-0.051421901881636825],[-0.33935189667118426,0.0064097746056321035,-0.3527668985708107,0.15228677179351272,-0.3243043436148971,-0.03969412272340383,-0.016962652355416028,0.15263572926452856,-0.051421901881636825,0.00026418443712415793]]",10,Random,10,-1.0,-1.0,-1.0,-,-4.9850436800492,"[1.,1.,1.,-1.,1.,1.,1.,1.,1.,1.]",-1,0.4807677268981933,MA-ALT,,,-4.9850436800492,"[1,1,1,-1,1,1,1,1,1,1]",8,3,3,-1.0,1000,54.32037973403931,,-1
8,1,2025-08-28 17:55:46,"[[0.20623793692395562,0.211716689947075,0.17104637793172742,-0.10446288354471087,0.3265830780917399,0.10645352550704272,0.15232979437218597,-0.24278483324105596,-0.22348293058147717,-0.13181405354260053],[0.211716689947075,0.11512706908657142,0.14692329628241765,0.05711481709519086,0.3271112671908947,0.0885884440094383,0.1443282914766826,0.040924413525387046,0.03650996852504321,0.04329152427503633],[0.17104637793172742,0.14692329628241765,0.13296407449186015,-0.04004442048784024,0.2661226680518115,0.08193701278528154,0.12286724084562303,-0.1190842770097332,-0.10983719487196829,-0.06050901379220517],[-0.10446288354471087,0.05711481709519086,-0.04004442048784024,-0.21662366567836508,-0.15211281826722567,-0.020149410707636144,-0.05952059478795057,-0.3501477611090549,-0.3210412296145357,-0.22145679554125375],[0.3265830780917399,0.3271112671908947,0.2661226680518115,-0.15211281826722567,0.5126033349326827,0.16624208739995383,0.23932446022111423,-0.35977746123408694,-0.3306073235265353,-0.19526787233963722],[0.10645352550704272,0.0885884440094383,0.08193701278528154,-0.020149410707636144,0.16624208739995383,0.05098133473266774,0.07626984044814741,-0.06567953622492936,-0.0605855429125286,-0.031551515335732506],[0.15232979437218597,0.1443282914766826,0.12286724084562303,-0.05952059478795057,0.23932446022111423,0.07626984044814741,0.11051643917213946,-0.14719735107238635,-0.13583928720433586,-0.07717336948113718],[-0.24278483324105596,0.040924413525387046,-0.1190842770097332,-0.3501477611090549,-0.35977746123408694,-0.06567953622492936,-0.14719735107238635,-0.5460942357777403,-0.5000579112444344,-0.3521503553796802],[-0.22348293058147717,0.03650996852504321,-0.10983719487196829,-0.3210412296145357,-0.3306073235265353,-0.0605855429125286,-0.13583928720433586,-0.5000579112444344,-0.4578089051519057,-0.32163940353341713],[-0.13181405354260053,0.04329152427503633,-0.06050901379220517,-0.22145679554125375,-0.19526787233963722,-0.031551515335732506,-0.07717336948113718,-0.3521503553796802,-0.32163940353341713,-0.2268924899040543]]",10,Random,10,-1.0,-1.0,-1.0,-,-3.2826897029910587,"[1.,-1.,-1.,1.,1.,-1.,-1.,1.,1.,1.]",-1,0.4872252941131592,MA-ALT,,,-3.2826897029910587,"[1,-1,-1,1,1,-1,-1,1,1,1]",8,5,5,-1.0,1000,304.84173488616943,,-1
9,1,2025-08-28 17:56:00,"[[0.20797556339575407,0.1670196364010337,0.1423361291719047,0.23096454170993602,0.34007132148973807,0.30561897773581254,0.02769599121125936,0.12704728223770184,0.13514220882375125,-0.17526314453696157],[0.1670196364010337,0.12808972922631795,0.0737174865559028,0.21065082825698206,0.27044904574858564,0.20169607982549764,-0.010029257197868638,0.10319564801352174,0.05459169706577157,-0.20555125745342737],[0.1423361291719047,0.0737174865559028,-0.10119198087134293,0.1914597303691685,0.15321985368816243,0.017097697692233682,-0.12610510166087438,0.06643409828982955,-0.1396478170280629,-0.3411133721477311],[0.23096454170993602,0.21065082825698206,0.1914597303691685,0.30869125696962185,0.43219796648128916,0.3795355721428136,0.04010046466333696,0.15621479776203553,0.18461474394605895,-0.2066815939499302],[0.34007132148973807,0.27044904574858564,0.15321985368816243,0.43219796648128916,0.5524943668300112,0.4277697183904207,-0.025230788022373343,0.20709049984787284,0.12522507583105705,-0.41006039383417514],[0.30561897773581254,0.20169607982549764,0.017097697692233682,0.3795355721428136,0.4277697183904207,0.24456146124932726,-0.10048276229524479,0.17256288901689731,-0.03998073773439685,-0.4915110985510805],[0.02769599121125936,-0.010029257197868638,-0.12610510166087438,0.04010046466333696,-0.025230788022373343,-0.10048276229524479,-0.10134200169796477,-0.0016696265513923489,-0.14895032278395995,-0.17171608273669736],[0.12704728223770184,0.10319564801352174,0.06643409828982955,0.15621479776203553,0.20709049984787284,0.17256288901689731,-0.0016696265513923489,0.07779736881913173,0.060579581023978264,-0.13728652598059973],[0.13514220882375125,0.05459169706577157,-0.1396478170280629,0.18461474394605895,0.12522507583105705,-0.03998073773439685,-0.14895032278395995,0.060579581023978264,-0.19238575889662585,-0.3786010207406284],[-0.17526314453696157,-0.20555125745342737,-0.3411133721477311,-0.2066815939499302,-0.41006039383417514,-0.4915110985510805,-0.17171608273669736,-0.13728652598059973,-0.3786010207406284,-0.06630651771436358]]",10,Random,10,-1.0,-1.0,-1.0,-,-2.7675435538261817,"[-1.,-1.,1.,-1.,-1.,1.,1.,-1.,1.,1.]",-1,0.4821469783782959,MA-ALT,,,-2.7675435538261817,"[-1,-1,1,-1,-1,1,1,-1,1,1]",3,3,3,-1.0,1000,12.924543380737305,,-1
10,1,2025-08-28 17:56:52,"[[-0.34152528054600195,-0.4739784431884531,-0.5157747608984714,-0.13717149510362078,-0.15655121364762786,-0.40139641914107116,-0.28851530257079305,-0.5030370214431922,-0.47428096949028076,-0.04127871507477518],[-0.4739784431884531,-0.31004437229573395,-0.22827516317834018,-0.10949375202516057,-0.017561386033109763,-0.12420676012518564,0.05330688738402006,-0.20830547096440155,-0.32269331336709967,0.30933539642865454],[-0.5157747608984714,-0.22827516317834018,-0.0919951250017126,-0.09370243823324041,0.040414184496853786,0.006324070606537786,0.20501146032844594,-0.06996060089567435,-0.24382946044768802,0.46442977144058495],[-0.13717149510362078,-0.10949375202516057,-0.09370243823324041,-0.037147566347814964,-0.01730150536273529,-0.06014751065800715,-0.009113266388978102,-0.08830563565084826,-0.11277025772806942,0.074253597637435],[-0.15655121364762786,-0.017561386033109763,0.040414184496853786,-0.01730150536273529,0.040256671624485006,0.06575540050158057,0.12500438366803837,0.047917935315276695,-0.02756634500455593,0.1935236367856567],[-0.40139641914107116,-0.12420676012518564,0.006324070606537786,-0.06014751065800715,0.06575540050158057,0.06932804866761673,0.2310937790965612,0.02347868056989119,-0.13586630105027692,0.4134981888789167],[-0.28851530257079305,0.05330688738402006,0.20501146032844594,-0.009113266388978102,0.12500438366803837,0.2310937790965612,0.35894265473869136,0.218194506835218,0.04142566433055164,0.46238760366517107],[-0.5030370214431922,-0.20830547096440155,-0.06996060089567435,-0.08830563565084826,0.047917935315276695,0.02347868056989119,0.218194506835218,-0.04834905619887221,-0.2242501195752063,0.46718370658244746],[-0.47428096949028076,-0.32269331336709967,-0.24382946044768802,-0.11277025772806942,-0.02756634500455593,-0.13586630105027692,0.04142566433055164,-0.2242501195752063,-0.3335947366244101,0.3083379551438019],[-0.04127871507477518,0.30933539642865454,0.46442977144058495,0.074253597637435,0.1935236367856567,0.4134981888789167,0.46238760366517107,0.46718370658244746,0.3083379551438019,0.39387053256305055]]",10,Random,10,-1.0,-1.0,-1.0,-,-4.6803930183404185,"[1.,1.,1.,1.,1.,1.,-1.,1.,1.,-1.]",-1,0.4878950119018554,MA-ALT,,,-4.6803930183404185,"[1,1,1,1,1,1,-1,1,1,-1]",3,3,3,-1.0,1000,52.62119817733765,,-1
11,1,2025-08-28 17:57:43,"[[0.05907003165883329,0.07531440080652482,0.10802201670168818,-0.05945196432685801,0.025349237860261456,0.08855784511499867,0.22826322071118946,0.029148040340316046,0.2019972596130032,0.01908757848930476],[0.07531440080652482,0.09173096313623279,0.1664264815140235,-0.06192932467611929,0.03205804389903713,0.10401054189195658,0.329457947170124,0.04400315659944258,0.29612969795526844,0.029084970482446515],[0.10802201670168818,0.1664264815140235,-0.2126993986403512,-0.30247389058837604,0.026829033004023745,0.27926457724615456,-0.14802067015816284,-0.03968548709575928,-0.1684446628222976,-0.0518348297536767],[-0.05945196432685801,-0.06192932467611929,-0.30247389058837604,-0.03067628168345222,-0.03385242163703012,-0.03428682590434659,-0.4982236817838798,-0.07386276201052093,-0.4595913334726336,-0.05963985323873296],[0.025349237860261456,0.03205804389903713,0.026829033004023745,-0.03385242163703012,0.009393237857092524,0.04265680062464485,0.06883776605996349,0.007903691472867248,0.059969689792035166,0.0034158280927947824],[0.08855784511499867,0.10401054189195658,0.27926457724615456,-0.03428682590434659,0.04265680062464485,0.09948810664799704,0.5049101851115235,0.07074004580976265,0.45865163891372573,0.05280099192588536],[0.22826322071118946,0.329457947170124,-0.14802067015816284,-0.4982236817838798,0.06883776605996349,0.5049101851115235,0.10554021366905944,-0.015024450325002246,0.04455473370005297,-0.047501539259646834],[0.029148040340316046,0.04400315659944258,-0.03968548709575928,-0.07386276201052093,0.007903691472867248,0.07074004580976265,-0.015024450325002246,-0.006779645262469948,-0.021525106626368622,-0.010474478720682377],[0.2019972596130032,0.29612969795526844,-0.1684446628222976,-0.4595913334726336,0.059969689792035166,0.45865163891372573,0.04455473370005297,-0.021525106626368622,-0.008317999843656654,-0.04902502741093823],[0.01908757848930476,0.029084970482446515,-0.0518348297536767,-0.05963985323873296,0.0034158280927947824,0.05280099192588536,-0.047501539259646834,-0.010474478720682377,-0.04902502741093823,-0.012926684190655194]]",10,Random,10,-1.0,-1.0,-1.0,-,-2.3228078511525423,"[-1.,-1.,1.,1.,-1.,-1.,1.,1.,1.,1.]",-1,0.2706265449523926,MA-ALT,,,-2.3228078511525423,"[-1,-1,1,1,-1,-1,1,1,1,1]",12,12,11,-1.0,1000,50.0289466381073,,-1
12,1,2025-08-28 17:57:55,"[[-0.02576553904916234,-0.038710560094747,-0.0879876640763486,0.00845808895728866,-0.010831587787155131,-0.10593474304627874,-0.03496467782487733,-0.059021203256829885,-0.07186515747146895,-0.0078179893152572],[-0.038710560094747,0.1774736565718704,0.18564687226864304,0.28840131543643355,0.13415306227493454,0.22346722463054958,0.04747475608442385,-0.2481536280760547,-0.2480031059104041,0.29356328179766833],[-0.0879876640763486,0.18564687226864304,0.1491200095382891,0.385129384695271,0.18496116241173902,0.14705822543859037,0.022117779683210718,-0.40874891297897015,-0.4093661508118129,0.3820757468677516],[0.00845808895728866,0.28840131543643355,0.385129384695271,0.25923350448943117,0.18462109828175244,0.5131867848730054,0.15182959738534485,-0.06718141227960457,0.02485470056764992,0.28726895407356856],[-0.010831587787155131,0.13415306227493454,0.18496116241173902,0.18462109828175244,0.11548211278311551,0.14891889900888183,0.044607952800674,-0.17847955666606205,-0.18610902684185518,0.23555062278526348],[-0.10593474304627874,0.22346722463054958,0.14705822543859037,0.5131867848730054,0.14891889900888183,0.2514468032068763,0.010867124171544496,-0.46573822590347685,-0.49728978406815744,0.4231393815775875],[-0.03496467782487733,0.04747475608442385,0.022117779683210718,0.15182959738534485,0.044607952800674,0.010867124171544496,-0.014476296629009008,-0.18312618413020854,-0.21591768620136592,0.14251947618502483],[-0.059021203256829885,-0.2481536280760547,-0.40874891297897015,-0.06718141227960457,-0.17847955666606205,-0.46573822590347685,-0.18312618413020854,-0.09847940882047197,-0.22458227468415196,-0.18701788752684323],[-0.07186515747146895,-0.2480031059104041,-0.4093661508118129,0.02485470056764992,-0.18610902684185518,-0.49728978406815744,-0.21591768620136592,-0.22458227468415196,-0.4194969064638963,-0.10721345534577931],[-0.0078179893152572,0.29356328179766833,0.3820757468677516,0.28726895407356856,0.23555062278526348,0.4231393815775875,0.14251947618502483,-0.18701788752684323,-0.10721345534577931,0.3756795551851344]]",10,Random,10,-1.0,-1.0,-1.0,-,-2.962332231462105,"[1.,-1.,1.,-1.,-1.,1.,1.,1.,1.,-1.]",-1,0.2663936614990234,MA-ALT,,,-2.962332231462105,"[1,-1,1,-1,-1,1,1,1,1,-1]",3,3,3,-1.0,1000,11.95356035232544,,-1
13,1,2025-08-28 17:50:01,"[[0.003389155012866731,0.06462850847296163,0.031189580570249422,-0.016049486581709287,0.04473427657780724,0.019599286624260064,0.0336198994806398,0.025629254796605015,0.018474076531644047,0.01993235711715025],[0.06462850847296163,0.9480448144031457,0.29910593775498306,-0.42861686892479706,0.6442355910770989,0.20298660713508831,0.51249441710333,0.2763076833063565,0.34765675551917297,0.2808178978233533],[0.031189580570249422,0.29910593775498306,-0.08956009064943034,-0.38709159472174076,0.22607901981903733,0.10242975969476976,0.19025477406224095,-0.06595636045579334,0.16089593592018825,0.07134394821716641],[-0.016049486581709287,-0.42861686892479706,-0.38709159472174076,-0.1565482301358287,-0.25455091152971865,-0.017148573318522743,-0.18938926019363933,-0.34012998864994737,-0.09148488844705542,-0.15275197896504109],[0.04473427657780724,0.6442355910770989,0.22607901981903733,-0.25455091152971865,0.4310854959187992,0.1151103769882772,0.340353240352532,0.2119381368188945,0.23221094649687918,0.19608279630130349],[0.019599286624260064,0.20298660713508831,0.10242975969476976,-0.017148573318522743,0.1151103769882772,0.06783130087196029,0.12880754738221334,0.10218627026518046,0.055669204841421197,0.06217929907726763],[0.0336198994806398,0.51249441710333,0.19025477406224095,-0.18938926019363933,0.340353240352532,0.12880754738221334,0.2809560520875347,0.17151466598557652,0.17557773255120987,0.15281120196291414],[0.025629254796605015,0.2763076833063565,-0.06595636045579334,-0.34012998864994737,0.2119381368188945,0.10218627026518046,0.17151466598557652,-0.05197270059329169,0.14164079920217132,0.06704713427935599],[0.018474076531644047,0.34765675551917297,0.16089593592018825,-0.09148488844705542,0.23221094649687918,0.055669204841421197,0.17557773255120987,0.14164079920217132,0.11680979855114088,0.10814835746156459],[0.01993235711715025,0.2808178978233533,0.07134394821716641,-0.15275197896504109,0.19608279630130349,0.06217929907726763,0.15281120196291414,0.06704713427935599,0.10814835746156459,0.08198293763038955]]",10,Random,10,-1.0,-1.0,-1.0,-,-2.322853929236804,"[-1.,-1.,1.,1.,-1.,-1.,-1.,1.,-1.,-1.]",-1,0.4826550483703613,MA-ALT,,,-2.322853929236804,"[-1,-1,1,1,-1,-1,-1,1,-1,-1]",2,2,2,-1.0,1000,14.188549757003784,,-1
14,1,2025-08-28 17:50:31,"[[0.1586608131672327,0.1654477952076721,0.0012822334254291787,0.054067912386728326,0.014644924295857883,0.34583027363376573,0.017317067858770546,-0.09993089272666422,-0.10112149480834659,-0.014735122897702013],[0.1654477952076721,0.05782477685856068,-0.10125138207221245,-0.04727255066130537,-0.04999305770659349,0.2610647094974772,-0.28887501716896447,-0.20559160311594996,-0.22099193360843283,-0.2515473519511399],[0.0012822334254291787,-0.10125138207221245,-0.09134714979990273,-0.09052652948891471,-0.05750153111782376,-0.08604796722111543,-0.27787272772570804,-0.09349152713243368,-0.10358113391656006,-0.21545569018787242],[0.054067912386728326,-0.04727255066130537,-0.09052652948891471,-0.07261171121141202,-0.05502724885229228,0.028182446923060517,-0.2703598760177519,-0.1284924951064319,-0.1395336847929473,-0.22453558142800406],[0.014644924295857883,-0.04999305770659349,-0.05750153111782376,-0.05502724885229228,-0.03698493589588454,-0.024658228776005695,-0.17284591956159456,-0.06771099519534107,-0.0769414225440048,-0.13762527291179016],[0.34583027363376573,0.2610647094974772,-0.08604796722111543,0.028182446923060517,-0.024658228776005695,0.6634743243164437,-0.22400920575897598,-0.30261045991930435,-0.31344530314519975,-0.23146587482016107],[0.017317067858770546,-0.28887501716896447,-0.27787272772570804,-0.2703598760177519,-0.17284591956159456,-0.22400920575897598,-0.8362048379320169,-0.2972941797477934,-0.3322407428056919,-0.657914118037356],[-0.09993089272666422,-0.20559160311594996,-0.09349152713243368,-0.1284924951064319,-0.06771099519534107,-0.30261045991930435,-0.2972941797477934,-0.03689394011466209,-0.050925988372266154,-0.21772110187040059],[-0.10112149480834659,-0.22099193360843283,-0.10358113391656006,-0.1395336847929473,-0.0769414225440048,-0.31344530314519975,-0.3322407428056919,-0.050925988372266154,-0.0646361626657514,-0.24780555554005793],[-0.014735122897702013,-0.2515473519511399,-0.21545569018787242,-0.22453558142800406,-0.13762527291179016,-0.23146587482016107,-0.657914118037356,-0.21772110187040059,-0.24780555554005793,-0.513551955072101]]",10,Random,10,-1.0,-1.0,-1.0,-,-4.848535851658262,"[-1.,1.,1.,1.,1.,1.,1.,1.,1.,1.]",-1,0.4883296489715576,MA-ALT,,,-4.848535851658262,"[-1,1,1,1,1,1,1,1,1,1]",5,5,5,-1.0,1000,29.134950637817383,,-1
15,1,2025-08-28 17:50:47,"[[-0.2752494512333774,-0.2280165027634405,-0.2451858133059683,0.21867369000419118,-0.5956741445230769,-0.20300059390578523,-0.5146025154640215,-0.3551448684695049,0.17322435352371063,-0.1788239125138345],[-0.2280165027634405,-0.14460056949672329,-0.15312045031792973,0.16733718602164882,-0.49081285366886285,-0.19257648509378275,-0.4430009438879103,-0.2942688525666125,0.14950242997703944,-0.1518892489330333],[-0.2451858133059683,-0.15312045031792973,-0.1747460954228169,0.17519583087412674,-0.5990647997335351,-0.21613238062769002,-0.5326327972081254,-0.3556753615964572,0.1804024781677129,-0.1758969367161945],[0.21867369000419118,0.16733718602164882,0.17519583087412674,0.48382936374302155,-0.22387465864023953,0.07502142757232833,-0.29340115587488513,-0.01592374768514629,0.39668738683720456,0.023676197432113813],[-0.5956741445230769,-0.49081285366886285,-0.5990647997335351,-0.22387465864023953,-0.9245858942656706,-0.3766741152222841,-0.6639787910917416,-0.6587725834683046,-0.0827614179546495,-0.33010028482079],[-0.20300059390578523,-0.19257648509378275,-0.21613238062769002,0.07502142757232833,-0.3766741152222841,-0.12632595109477088,-0.29995515322454075,-0.238720768481817,0.058891604515246415,-0.11872369599765067],[-0.5146025154640215,-0.4430009438879103,-0.5326327972081254,-0.29340115587488513,-0.6639787910917416,-0.29995515322454075,-0.43548836059528706,-0.5077948210023786,-0.1677260143283961,-0.25862969582374035],[-0.3551448684695049,-0.2942688525666125,-0.3556753615964572,-0.01592374768514629,-0.6587725834683046,-0.238720768481817,-0.5077948210023786,-0.4364464839348354,0.0413625675444553,-0.21421213802936728],[0.17322435352371063,0.14950242997703944,0.1804024781677129,0.39668738683720456,-0.0827614179546495,0.058891604515246415,-0.1677260143283961,0.0413625675444553,0.2979364625841388,0.03532455202794739],[-0.1788239125138345,-0.1518892489330333,-0.1758969367161945,0.023676197432113813,-0.33010028482079,-0.11872369599765067,-0.25862969582374035,-0.21421213802936728,0.03532455202794739,-0.106695563555737]]",10,Random,10,-1.0,-1.0,-1.0,-,-8.274190357828981,"[1.,1.,1.,-1.,1.,1.,1.,1.,-1.,1.]",-1,0.4804530143737793,MA-ALT,,,-8.274190357828981,"[1,1,1,-1,1,1,1,1,-1,1]",4,2,2,-1.0,1000,16.458926916122437,,-1
16,1,2025-08-28 17:51:29,"[[-0.0393045806701459,-0.13151314526226404,-0.08598152440136843,-0.09245122334350646,-0.19406151340454364,-0.06031980286751876,-0.09885972397273463,-0.03564275157567952,-0.10452181778883914,-0.17257654683874027],[-0.13151314526226404,-0.37234502969083366,-0.23250964585665923,-0.23199394284393327,-0.42762633480040035,-0.19885356445989422,-0.3406761484132699,-0.2060939413816431,-0.23103237991780104,-0.44822516186970013],[-0.08598152440136843,-0.23250964585665923,-0.14356614160164,-0.13965933629914704,-0.24408277210762266,-0.1288561090191972,-0.22450486929109376,-0.14832522087666794,-0.13248872614989743,-0.27225728396681786],[-0.09245122334350646,-0.23199394284393327,-0.13965933629914704,-0.13023520479814582,-0.2034079235228662,-0.1372024030103998,-0.24519489751900453,-0.18317513282604597,-0.11113110739785767,-0.2585107558500541],[-0.19406151340454364,-0.42762633480040035,-0.24408277210762266,-0.2034079235228662,-0.21930151332785427,-0.28631971155580604,-0.5268490287099225,-0.4710306384597753,-0.12255855949931549,-0.42464878027762676],[-0.06031980286751876,-0.19885356445989422,-0.1288561090191972,-0.1372024030103998,-0.28631971155580604,-0.09355998750537607,-0.15146535065788852,-0.05972318501980911,-0.15372216898117294,-0.2584010682222026],[-0.09885972397273463,-0.3406761484132699,-0.22450486929109376,-0.24519489751900453,-0.5268490287099225,-0.15146535065788852,-0.24661498834458545,-0.07252191215583503,-0.2834627680836195,-0.45522475007747415],[-0.03564275157567952,-0.2060939413816431,-0.14832522087666794,-0.18317513282604597,-0.4710306384597753,-0.05972318501980911,-0.07252191215583503,0.08749815344042201,-0.25113830817283034,-0.3259016267972846],[-0.10452181778883914,-0.23103237991780104,-0.13248872614989743,-0.11113110739785767,-0.12255855949931549,-0.15372216898117294,-0.2834627680836195,-0.25113830817283034,-0.06852919404614703,-0.23088669113607566],[-0.17257654683874027,-0.44822516186970013,-0.27225728396681786,-0.2585107558500541,-0.42464878027762676,-0.2584010682222026,-0.45522475007747415,-0.3259016267972846,-0.23088669113607566,-0.5096960559828352]]",10,Random,10,-1.0,-1.0,-1.0,-,-7.780606326613141,"[1.,1.,1.,1.,1.,1.,1.,1.,1.,1.]",-1,0.4847531318664551,MA-ALT,,,-7.780606326613141,"[1,1,1,1,1,1,1,1,1,1]",6,6,6,-1.0,1000,41.1813588142395,,-1
17,1,2025-08-28 17:51:44,"[[0.01029615682360688,0.09676816958207872,0.002441900885157158,0.06172496132057483,0.09893214229582055,0.03213902773527041,0.03390288321482546,0.18430864509315653,0.12653684141873395,0.03357510657536446],[0.09676816958207872,0.13371876679536623,-0.25892827309633015,-0.01059845730621925,0.10256395976225821,-0.1652281416017723,-0.006666865531377821,0.17665224671804083,0.11171199659544102,-0.018253025937646855],[0.002441900885157158,-0.25892827309633015,-0.05919644625524242,-0.1662138070014097,-0.2877985396272217,-0.11719524315457196,-0.10166416625025747,-0.49804545023465496,-0.3331711644992328,-0.10989972515012253],[0.06172496132057483,-0.01059845730621925,-0.1662138070014097,-0.06136653681344056,-0.05483467411184214,-0.11833125868098626,-0.03653221408745683,-0.07510062272045523,-0.05147388283778734,-0.052223546580841315],[0.09893214229582055,0.10256395976225821,-0.2877985396272217,-0.05483467411184214,0.053157430082967264,-0.1848849237026169,-0.02201000034426167,0.08483145016848617,0.04313988460609665,-0.03912797675859713],[0.03213902773527041,-0.1652281416017723,-0.11719524315457196,-0.11833125868098626,-0.1848849237026169,-0.14541909218866278,-0.08233729915842015,-0.31816415669358344,-0.20928984778926443,-0.08897849961997527],[0.03390288321482546,-0.006666865531377821,-0.10166416625025747,-0.03653221408745683,-0.02201000034426167,-0.08233729915842015,-0.02303219042006697,-0.0387003303192073,-0.02773229885300478,-0.028220086956597563],[0.18430864509315653,0.17665224671804083,-0.49804545023465496,-0.07510062272045523,0.08483145016848617,-0.31816415669358344,-0.0387003303192073,0.16538802358288052,0.09785452389375221,-0.07156023458049157],[0.12653684141873395,0.11171199659544102,-0.3331711644992328,-0.05147388283778734,0.04313988460609665,-0.20928984778926443,-0.02773229885300478,0.09785452389375221,0.05901375466634682,-0.052406271293570776],[0.03357510657536446,-0.018253025937646855,-0.10989972515012253,-0.052223546580841315,-0.03912797675859713,-0.08897849961997527,-0.028220086956597563,-0.07156023458049157,-0.052406271293570776,-0.03490408693497296]]",10,Random,10,-1.0,-1.0,-1.0,-,-2.4049292451591304,"[-1.,1.,1.,1.,1.,1.,1.,1.,1.,1.]",-1,0.4741163253784179,MA-ALT,,,-2.4049292451591304,"[-1,1,1,1,1,1,1,1,1,1]",3,3,3,-1.0,1000,15.279409170150757,,-1
